751
299 364 7
303 354 8
313 353 6
313 360 9
314 360 9
321 365 10
324 365 9
333 336 4
334 343 6
334 345 7
336 336 5
337 335 4
341 318 7
341 406 8
343 369 7
344 384 8
344 385 6
345 318 8
345 365 8
346 371 10
346 377 9
349 370 9
349 372 8
350 355 8
350 356 7
350 362 9
351 389 7
352 368 9
352 384 9
353 349 9
353 356 8
353 357 6
354 366 7
355 371 7
356 357 7
356 376 8
357 366 8
357 367 6
357 375 10
358 361 8
358 383 7
359 340 7
360 381 8
361 368 7
362 361 7
362 363 7
362 376 9
363 368 7
364 363 8
364 369 8
365 375 10
365 377 8
366 361 100
366 362 7
366 371 100
366 376 9
367 378 9
368 358 7
371 359 6
371 365 6
371 369 8
373 371 100
375 359 9
379 373 9
