751
284 373 6
291 371 7
294 381 4
295 351 7
296 381 5
298 342 8
301 359 7
304 360 8
310 340 7
310 358 5
315 359 8
317 352 4
317 363 5
322 343 5
323 397 7
323 417 8
324 354 9
324 391 6
326 356 8
330 367 10
331 336 6
331 352 2
332 344 6
332 346 5
332 350 6
332 364 9
332 375 6
332 393 7
333 364 6
333 374 5
333 378 6
333 386 8
334 341 3
334 377 7
337 365 6
337 367 7
338 351 7
339 349 7
339 354 8
339 369 7
340 373 5
340 385 10
341 365 9
343 382 8
344 363 6
345 358 7
345 360 9
345 373 6
345 386 6
346 374 100
346 382 7
346 386 7
347 351 8
347 364 7
347 369 7
348 308 7
348 344 2
348 354 7
348 369 8
348 375 8
348 379 6
349 351 8
349 361 8
349 362 8
350 350 7
350 370 6
350 373 9
350 382 5
350 386 7
351 355 5
351 359 10
351 369 5
351 370 8
351 372 8
351 376 7
351 378 8
352 355 6
352 357 3
352 367 9
353 316 6
353 361 8
353 373 8
354 357 4
354 364 5
355 363 4
355 366 6
355 368 7
355 375 9
356 317 7
356 353 9
356 361 7
356 378 4
357 348 8
357 353 8
357 354 8
358 363 4
359 313 8
359 354 4
359 358 4
359 362 7
360 347 7
360 355 6
360 360 100
360 380 5
360 389 5
361 362 5
361 365 6
362 357 5
362 358 4
362 359 5
362 375 9
362 376 8
362 381 6
363 358 100
363 365 5
363 366 6
363 367 6
363 377 7
365 364 4
365 373 9
366 378 7
367 365 7
368 347 7
368 363 7
368 370 7
368 372 7
368 374 6
368 382 10
370 361 6
370 366 3
370 369 8
370 388 3
370 389 2
371 356 6
371 358 10
371 385 4
374 362 6
374 369 5
375 370 4
375 372 5
376 358 6
376 371 6
376 385 6
379 358 6
380 371 8
382 380 9
383 365 6
383 383 8
388 372 7
389 363 6
