751
268 358 6
274 363 7
278 352 7
288 368 6
288 385 4
289 372 5
302 355 10
302 397 5
304 370 8
309 365 0
310 354 6
310 365 1
310 377 7
311 333 7
311 351 8
311 353 8
311 360 9
312 357 7
313 359 5
313 374 7
314 363 2
314 417 7
315 321 6
315 355 5
315 381 6
316 370 8
316 378 7
316 385 5
318 370 6
319 376 7
319 394 8
320 339 6
320 376 4
320 385 7
320 395 7
321 369 9
321 388 5
323 340 5
323 347 7
323 351 6
323 365 8
323 382 5
323 383 6
323 417 8
324 364 7
324 389 6
325 349 5
325 366 7
325 373 6
325 392 6
325 393 6
326 350 9
326 368 7
326 380 9
327 365 3
327 379 5
327 387 6
328 340 6
328 342 4
328 355 4
328 378 6
328 390 7
328 391 5
328 392 5
328 405 4
329 327 4
329 359 3
329 368 6
329 373 5
329 397 5
329 399 4
330 369 6
330 386 6
331 376 2
331 378 6
331 396 5
332 347 5
332 361 8
332 376 6
332 378 7
333 354 2
333 362 5
333 366 7
334 348 8
334 361 5
334 384 6
335 351 0
335 358 7
335 363 7
335 368 7
335 383 6
336 349 7
336 352 4
336 353 7
336 366 7
336 369 7
336 370 5
336 371 6
336 372 8
336 373 5
336 380 9
336 384 5
336 385 4
337 351 5
337 353 9
337 361 6
337 362 5
337 373 4
337 375 6
337 385 6
337 394 9
338 340 4
338 355 5
338 359 7
338 372 5
338 378 5
338 379 8
338 385 10
338 387 7
339 336 7
339 346 6
339 348 6
339 357 8
339 359 1
339 361 6
339 368 6
339 373 7
339 374 7
340 328 5
340 337 5
340 339 5
340 342 5
340 357 10
340 362 7
340 381 8
340 385 5
341 354 5
341 355 5
341 358 7
341 369 5
341 371 6
342 324 4
342 325 4
342 344 6
342 355 7
342 360 5
342 362 7
342 384 10
343 331 6
343 342 4
343 343 5
343 354 4
343 355 8
343 358 4
343 361 6
343 363 6
343 369 8
343 372 7
343 378 3
343 383 100
344 305 7
344 335 4
344 343 6
344 349 6
344 356 5
344 359 2
344 360 6
344 367 5
344 368 4
344 377 4
345 345 5
345 350 5
345 352 9
345 353 4
345 369 6
345 373 4
345 374 7
345 380 7
345 383 6
346 349 5
346 362 6
346 374 8
346 381 6
346 389 5
347 344 6
347 355 6
347 359 8
347 362 7
347 377 5
347 379 5
348 341 6
348 347 7
348 364 7
348 371 3
349 315 7
349 342 6
349 355 6
349 363 9
349 368 2
349 376 6
349 391 9
350 356 5
350 357 4
350 367 5
350 372 4
350 373 9
350 392 8
351 295 8
351 342 5
351 350 6
351 352 6
351 354 5
351 365 7
351 369 1
351 370 4
351 376 7
352 335 7
352 353 7
352 358 7
352 360 6
352 371 6
352 373 8
352 386 4
353 365 7
354 351 8
354 353 7
354 360 6
354 367 7
354 368 9
354 373 5
354 377 3
354 378 5
354 379 9
354 382 6
354 390 8
355 303 7
355 355 7
355 358 5
355 369 3
355 375 8
355 379 6
356 347 5
356 350 4
356 357 3
356 361 6
356 366 7
356 381 6
357 353 9
357 359 7
357 364 6
357 369 9
357 371 10
357 372 7
357 373 8
357 382 4
357 383 9
358 347 6
358 349 8
358 356 5
358 373 7
358 377 9
358 380 8
358 382 7
359 351 7
359 365 8
359 369 6
359 371 8
359 396 4
360 309 6
360 349 3
360 357 3
360 362 7
360 372 7
360 375 4
360 380 7
360 383 3
360 393 0
361 356 10
361 375 8
361 380 6
361 392 6
362 310 7
362 343 7
362 365 6
362 367 7
362 374 8
362 377 4
362 392 1
363 348 5
363 350 5
363 366 8
363 367 7
363 378 6
364 348 4
364 349 8
364 353 4
364 357 4
364 359 6
364 361 5
364 367 10
364 388 7
364 390 6
364 396 4
365 369 9
365 377 5
365 384 6
366 350 5
367 370 7
367 387 5
367 394 5
368 358 4
368 377 3
368 379 6
369 353 4
369 383 9
369 389 6
370 377 4
371 381 5
372 359 6
372 381 5
372 389 0
373 357 5
373 369 5
373 379 4
373 383 4
373 395 5
374 361 4
374 367 6
374 378 4
374 379 6
376 345 8
376 363 10
376 376 3
376 400 9
377 374 100
377 379 8
378 352 7
378 370 3
380 352 6
380 364 6
380 369 100
380 375 1
381 366 5
381 387 7
381 392 6
382 364 5
382 373 5
383 347 5
383 349 5
383 357 5
383 373 5
383 389 3
383 396 3
383 398 4
384 349 5
384 365 4
384 370 6
384 376 6
384 380 8
385 352 4
385 387 4
386 354 10
386 383 2
389 393 3
390 358 4
390 379 6
392 341 5
393 368 7
394 355 5
394 390 7
394 391 2
396 361 7
398 351 6
