751
259 375 6
261 357 5
262 376 5
263 370 4
267 362 2
270 365 2
274 352 4
275 365 3
279 389 4
286 357 8
287 365 5
288 377 4
289 366 7
289 370 6
290 367 9
291 378 3
292 391 5
297 361 5
300 365 5
300 372 6
300 382 6
301 338 6
301 355 1
301 369 5
301 386 3
301 397 4
302 348 0
302 366 7
302 371 7
302 386 5
302 397 5
302 432 6
303 348 3
303 361 0
303 374 8
304 349 4
305 363 8
305 369 6
305 375 5
306 334 5
306 358 3
306 370 6
307 325 6
307 339 6
307 351 3
307 352 1
307 370 3
307 376 4
307 382 6
308 315 5
308 336 7
308 371 5
308 379 8
309 342 4
310 349 5
310 352 5
310 359 6
310 365 4
311 366 2
311 369 6
311 374 2
311 399 5
312 357 2
312 364 6
312 368 3
312 386 3
313 356 4
313 358 3
313 365 4
313 370 4
313 374 4
313 383 7
313 385 6
314 340 6
314 354 5
314 356 7
314 371 4
314 387 5
315 350 4
315 361 5
315 372 5
315 376 1
315 378 5
315 381 8
315 398 5
316 324 5
316 351 6
316 380 5
316 383 4
317 349 5
317 350 4
317 357 6
317 359 2
317 361 4
317 373 2
317 382 4
317 386 6
317 390 5
318 347 5
318 353 5
318 354 1
318 363 7
318 379 7
318 387 4
318 391 4
318 399 5
318 401 7
318 412 4
319 343 5
319 359 3
319 368 4
319 370 1
319 371 3
319 379 8
319 396 5
320 347 4
320 354 3
320 355 2
320 365 2
320 371 1
320 372 4
320 375 6
321 334 6
321 342 5
321 350 8
321 359 4
321 361 8
321 372 0
321 378 4
321 391 5
321 393 3
321 394 4
321 403 6
322 356 5
322 358 5
322 359 5
322 362 3
322 363 8
322 364 5
322 387 4
322 389 9
322 403 6
322 404 3
322 406 4
323 348 5
323 356 4
323 375 8
323 376 7
323 400 3
324 346 7
324 353 1
324 355 7
324 362 3
324 366 5
324 378 7
324 382 3
324 385 5
324 396 6
324 418 7
325 316 5
325 320 4
325 326 5
325 343 6
325 344 6
325 348 8
325 355 6
325 362 5
325 367 6
325 371 5
325 374 3
325 378 6
326 337 7
326 342 6
326 345 6
326 347 5
326 350 6
326 352 3
326 353 7
326 357 4
326 358 6
326 364 4
326 368 4
326 370 9
326 374 8
326 376 5
326 388 7
326 396 3
327 319 4
327 346 2
327 349 6
327 350 5
327 354 5
327 360 4
327 364 5
327 366 4
327 367 6
327 376 5
327 385 6
327 387 5
327 393 8
327 397 7
328 345 4
328 353 1
328 355 4
328 356 4
328 358 8
328 359 5
328 366 4
328 369 4
328 371 8
328 374 3
328 379 5
328 383 5
328 395 5
328 420 8
329 325 4
329 332 6
329 339 5
329 340 5
329 349 2
329 357 4
329 368 6
329 387 5
329 389 9
329 404 4
329 413 6
330 351 6
330 359 3
330 363 5
330 364 5
330 369 7
330 373 7
330 374 4
330 375 4
330 383 4
330 400 6
330 401 5
330 410 5
331 323 4
331 336 4
331 360 4
331 362 4
331 363 7
331 364 7
331 366 3
331 370 7
331 375 4
331 379 6
331 388 5
331 398 8
332 338 5
332 354 2
332 360 5
332 368 9
332 376 3
332 378 4
332 381 7
333 331 8
333 343 4
333 359 3
333 361 6
333 364 4
333 366 4
333 368 5
333 371 7
333 373 6
333 382 4
333 383 6
333 389 8
333 394 7
333 398 8
333 400 5
334 351 1
334 356 3
334 357 3
334 365 0
334 366 1
334 368 5
334 379 5
334 383 3
334 390 3
334 392 4
335 323 4
335 349 7
335 363 4
335 364 4
335 366 7
335 369 3
335 371 6
335 375 5
335 376 5
335 378 6
335 405 5
336 339 4
336 351 6
336 352 6
336 354 3
336 361 0
336 363 5
336 365 2
336 366 6
336 369 3
336 373 4
336 374 9
336 376 5
336 379 8
336 380 5
336 381 7
336 383 4
336 386 3
336 390 6
336 392 6
336 399 7
336 403 6
336 407 4
336 408 8
337 345 5
337 356 2
337 360 7
337 362 3
337 364 0
337 368 5
337 376 4
337 377 7
337 380 4
337 383 6
337 385 4
337 387 5
337 395 9
337 396 6
337 399 10
338 320 4
338 331 4
338 337 5
338 342 6
338 346 9
338 353 5
338 354 5
338 360 3
338 368 3
338 371 5
338 372 5
338 373 4
338 374 6
338 378 4
338 390 5
338 393 4
338 394 6
338 402 7
339 323 3
339 342 2
339 343 7
339 347 3
339 353 3
339 359 3
339 361 4
339 367 6
339 368 4
339 372 3
339 382 4
339 383 5
339 386 7
339 392 3
339 394 2
339 397 7
339 401 5
339 411 4
340 329 6
340 353 5
340 366 6
340 371 3
340 372 2
340 374 5
340 377 2
340 380 7
340 383 3
340 384 4
340 387 3
340 388 2
340 390 3
340 400 4
341 290 6
341 306 7
341 326 3
341 334 7
341 336 4
341 338 4
341 344 5
341 352 7
341 356 6
341 357 4
341 360 5
341 361 6
341 362 7
341 365 3
341 367 8
341 368 5
341 369 3
341 370 5
341 372 6
341 377 7
341 383 5
341 385 6
341 389 3
341 392 3
341 407 6
342 333 6
342 337 4
342 347 4
342 352 5
342 357 4
342 358 6
342 359 5
342 362 3
342 363 7
342 366 4
342 370 4
342 373 2
342 378 5
342 379 3
342 382 4
342 390 4
342 393 2
342 401 8
343 310 6
343 330 8
343 333 2
343 340 4
343 341 5
343 346 6
343 348 4
343 352 5
343 362 5
343 365 8
343 366 7
343 370 2
343 371 6
343 374 7
343 394 2
343 402 7
344 331 5
344 338 3
344 343 0
344 345 4
344 358 7
344 361 7
344 367 3
344 368 6
344 372 5
344 385 6
344 389 7
344 390 4
345 305 6
345 331 4
345 345 5
345 346 5
345 348 4
345 350 4
345 351 8
345 354 3
345 358 8
345 360 7
345 364 5
345 369 6
345 372 7
345 377 6
345 378 8
345 380 5
345 381 8
345 384 5
345 385 5
345 388 4
345 391 3
346 298 4
346 321 7
346 335 7
346 338 6
346 341 6
346 345 3
346 349 6
346 352 4
346 354 3
346 361 4
346 367 6
346 370 8
346 373 10
346 378 8
346 383 5
346 386 3
346 396 4
346 409 1
347 282 6
347 340 4
347 342 8
347 343 5
347 347 5
347 350 5
347 354 7
347 355 5
347 356 7
347 359 6
347 371 8
347 375 2
347 376 4
347 384 4
347 390 3
347 392 1
347 395 3
348 320 4
348 329 5
348 334 5
348 345 6
348 347 8
348 348 1
348 349 4
348 353 3
348 355 4
348 360 4
348 365 3
348 369 6
348 370 6
348 371 8
348 373 5
348 376 100
348 383 2
349 279 7
349 302 6
349 316 4
349 334 5
349 335 4
349 340 4
349 343 5
349 344 6
349 345 4
349 347 2
349 350 5
349 355 2
349 358 5
349 359 4
349 363 3
349 364 7
349 366 8
349 370 2
349 373 3
349 376 4
349 385 2
349 390 4
349 393 3
349 397 5
349 404 7
350 307 5
350 347 10
350 356 1
350 357 1
350 358 5
350 362 4
350 365 7
350 366 7
350 367 7
350 369 6
350 373 4
350 375 5
350 382 4
350 383 4
350 385 6
350 389 2
350 390 5
350 401 2
351 293 5
351 339 4
351 356 7
351 357 5
351 361 5
351 364 6
351 365 9
351 366 7
351 367 5
351 370 9
351 371 4
351 373 7
351 375 5
351 378 6
351 379 8
351 380 4
351 388 2
351 391 5
352 339 6
352 346 4
352 347 5
352 348 6
352 353 6
352 366 4
352 371 8
352 375 4
352 376 4
352 380 3
352 382 5
352 384 9
352 385 2
352 393 8
353 313 2
353 354 4
353 364 8
353 366 4
353 372 7
353 373 5
353 374 4
353 378 6
353 388 2
353 392 1
354 315 3
354 321 6
354 334 5
354 335 5
354 345 4
354 349 3
354 351 3
354 358 0
354 361 5
354 365 5
354 368 3
354 369 5
354 370 7
354 371 5
354 374 9
354 375 5
354 379 4
354 385 2
354 386 4
354 397 6
354 403 0
355 299 7
355 313 4
355 318 3
355 335 4
355 338 2
355 341 4
355 344 5
355 347 5
355 349 4
355 353 3
355 354 4
355 359 3
355 361 7
355 371 8
355 375 3
355 380 9
355 381 5
355 385 8
355 389 5
355 406 2
356 341 3
356 343 3
356 345 7
356 349 6
356 360 8
356 364 4
356 365 6
356 367 9
356 370 8
356 374 8
356 378 1
356 382 5
356 383 8
356 388 3
356 390 2
357 310 6
357 326 7
357 335 7
357 339 6
357 349 9
357 355 7
357 356 4
357 359 10
357 361 9
357 367 7
357 368 6
357 371 7
357 375 7
357 376 4
357 382 6
358 339 5
358 351 4
358 355 7
358 357 6
358 362 7
358 376 5
358 380 9
358 384 8
358 385 1
358 387 2
358 391 8
358 392 3
359 326 4
359 335 3
359 337 2
359 344 5
359 359 5
359 364 6
359 372 6
359 375 6
359 378 5
359 380 5
359 383 4
359 384 3
359 395 3
359 398 3
360 320 4
360 321 5
360 343 3
360 344 5
360 346 2
360 362 3
360 366 8
360 368 4
360 373 3
360 378 8
360 383 1
360 388 3
360 389 6
360 393 5
360 394 1
361 307 3
361 334 2
361 351 8
361 356 6
361 359 7
361 368 3
361 371 6
361 372 5
361 381 5
361 390 10
361 391 9
362 309 5
362 315 2
362 347 9
362 349 4
362 358 6
362 359 6
362 372 7
362 373 4
362 374 3
362 376 2
362 385 0
362 390 10
363 349 8
363 361 6
363 366 6
363 371 7
363 375 1
363 376 7
363 380 2
363 394 9
363 396 0
364 344 4
364 346 7
364 355 5
364 357 7
364 373 4
364 376 1
364 378 7
364 380 7
364 383 0
364 386 5
364 387 6
365 355 7
365 362 5
365 365 4
365 368 4
365 370 2
365 378 0
365 379 5
365 384 3
365 392 2
365 393 4
365 401 1
366 356 6
366 358 5
366 363 7
366 365 7
366 366 7
366 381 5
366 388 9
366 398 3
366 401 0
366 403 5
367 299 8
367 343 8
367 351 3
367 355 7
367 362 4
367 365 3
367 366 8
367 373 3
368 356 8
368 361 5
368 363 4
368 377 5
368 383 6
368 385 7
368 396 6
368 398 4
369 352 5
369 353 3
369 354 7
369 356 6
369 359 9
369 362 4
369 365 3
369 379 4
369 380 5
369 389 3
369 398 3
370 342 6
370 376 3
370 380 4
370 391 0
371 320 6
371 359 4
371 361 5
371 372 1
371 378 4
371 396 5
372 334 3
372 359 4
372 361 4
372 364 10
372 369 3
372 376 5
372 377 6
372 379 0
372 382 3
372 386 4
372 400 5
373 357 4
373 359 5
373 367 5
373 372 0
373 388 2
373 392 1
374 318 5
374 355 9
374 357 8
374 358 7
374 372 2
374 374 3
374 382 4
374 389 2
374 393 8
374 402 6
375 346 4
375 349 7
375 353 4
375 370 4
375 380 6
375 381 3
375 386 4
375 390 2
375 391 4
375 409 8
376 356 5
376 358 3
376 373 3
377 358 4
377 365 6
377 384 8
377 388 5
377 390 5
377 391 3
377 393 7
377 408 8
378 357 4
378 362 4
378 371 4
378 377 4
378 378 3
378 379 6
378 386 5
379 352 3
379 361 3
379 382 7
380 365 4
380 370 4
380 376 5
380 378 4
380 380 3
380 386 2
380 394 6
380 398 2
381 361 4
381 362 4
381 365 3
381 375 3
381 379 5
381 381 4
381 382 5
381 404 1
382 354 5
382 361 7
382 371 100
382 372 4
382 380 4
382 391 3
383 348 3
383 355 4
383 378 4
383 387 2
383 393 3
384 357 5
384 369 5
384 372 5
384 384 3
384 386 4
384 395 4
385 356 3
385 358 6
385 362 6
385 377 6
385 378 2
385 379 4
385 390 1
385 392 4
385 401 5
386 356 2
386 358 4
386 377 0
386 379 1
386 384 6
386 387 6
387 345 4
387 347 5
387 356 4
387 361 7
387 369 3
387 393 3
387 404 5
388 370 5
388 378 6
388 383 2
388 386 0
388 399 6
388 404 1
389 389 5
389 401 0
390 346 4
390 349 0
390 360 5
390 366 0
390 387 1
390 397 4
391 349 1
391 360 3
391 362 10
391 375 100
391 385 0
391 386 1
391 390 3
391 402 3
392 346 6
392 363 4
392 368 3
393 356 9
393 374 10
394 382 5
395 347 3
395 371 3
396 353 3
396 368 4
397 378 8
397 398 0
398 340 5
398 377 0
398 406 1
399 339 4
399 392 1
399 413 2
401 330 5
401 364 7
402 359 6
408 345 6
408 384 0
419 370 3
