751
241 365 4
243 382 3
246 375 3
247 375 5
250 394 2
253 379 3
255 365 1
257 358 5
260 367 2
261 370 4
261 379 3
262 380 4
265 332 4
265 372 6
266 356 2
271 356 6
274 364 4
274 375 5
274 376 3
276 351 2
279 347 7
280 351 8
282 355 0
282 363 6
282 364 1
283 355 0
283 358 1
284 359 1
284 360 7
284 370 3
284 373 2
285 355 1
285 362 3
286 374 6
287 374 7
287 376 0
288 317 4
288 381 3
289 358 5
289 376 1
289 377 3
290 356 4
290 362 6
290 380 5
291 357 0
291 366 3
291 376 2
291 409 3
292 366 2
292 371 9
292 388 2
293 321 5
294 353 4
294 356 1
294 358 2
294 364 3
294 377 3
295 337 6
295 352 4
295 354 5
295 359 5
295 371 1
295 390 3
296 355 3
296 357 0
296 371 3
296 373 3
297 327 4
297 350 6
297 367 5
297 374 8
297 407 2
298 354 3
298 356 5
298 358 2
298 360 4
298 364 7
298 365 4
298 369 4
298 372 2
298 377 3
298 408 3
299 341 5
299 356 3
299 358 8
299 375 3
300 336 4
300 350 2
300 352 0
300 366 4
300 369 1
300 373 5
300 375 4
300 389 4
301 321 6
301 346 4
301 351 2
301 360 5
301 391 4
302 317 6
302 332 3
302 336 4
302 337 3
302 348 5
302 359 6
303 322 5
303 328 3
303 348 4
303 351 1
303 353 7
303 362 1
303 363 0
303 369 1
303 371 4
303 375 4
303 403 4
304 336 2
304 355 7
304 357 0
304 365 5
304 366 1
304 369 5
305 336 3
305 339 3
305 362 2
305 370 6
305 376 5
305 386 4
306 320 2
306 351 5
306 378 8
306 382 2
306 385 4
307 328 5
307 330 7
307 333 6
307 336 2
307 343 2
307 351 1
307 352 0
307 357 3
307 361 1
307 368 5
307 370 6
307 377 3
307 380 5
307 381 6
307 385 5
307 387 5
307 389 3
307 395 3
308 323 3
308 328 2
308 331 5
308 335 5
308 344 4
308 352 5
308 354 2
308 357 5
308 360 7
308 361 5
308 364 5
308 366 4
308 376 5
308 378 7
308 383 4
308 400 4
308 412 1
309 345 3
309 357 4
309 360 7
309 366 0
309 369 7
309 371 2
309 373 2
309 374 6
309 375 4
309 389 4
309 409 5
310 316 3
310 326 5
310 346 5
310 348 4
310 357 6
310 358 8
310 359 2
310 363 4
310 366 3
310 376 5
310 387 6
310 389 8
311 352 6
311 353 3
311 355 1
311 357 4
311 361 6
311 366 1
311 374 2
311 377 2
311 381 2
311 382 3
311 384 4
311 388 3
311 390 3
311 402 4
311 412 0
311 423 0
312 336 4
312 338 5
312 343 4
312 348 3
312 349 3
312 358 5
312 360 9
312 361 3
312 368 4
312 369 5
312 373 5
312 376 4
312 378 2
312 381 5
312 382 9
312 389 5
313 297 2
313 328 4
313 341 5
313 348 3
313 350 1
313 353 2
313 358 3
313 359 3
313 362 1
313 367 5
313 372 4
313 373 7
313 375 2
313 377 5
313 379 1
313 381 3
313 389 5
313 395 3
313 398 5
314 337 4
314 352 3
314 353 4
314 359 3
314 360 2
314 361 3
314 362 2
314 367 1
314 368 6
314 370 1
314 375 6
314 378 0
314 403 4
314 407 7
315 324 5
315 332 6
315 338 5
315 339 2
315 350 7
315 351 7
315 356 4
315 368 5
315 369 0
315 375 1
315 376 4
315 378 6
315 380 4
315 381 7
315 385 1
315 386 5
315 387 2
316 336 6
316 338 4
316 340 0
316 342 3
316 345 1
316 348 1
316 349 0
316 350 3
316 353 6
316 356 5
316 357 5
316 362 3
316 365 2
316 367 4
316 370 1
316 373 4
316 376 2
316 379 3
316 380 3
316 384 3
316 389 4
316 392 3
316 397 3
316 426 8
317 314 5
317 340 6
317 344 1
317 345 2
317 348 3
317 349 1
317 352 4
317 356 0
317 358 1
317 359 1
317 365 4
317 367 4
317 376 6
317 378 5
317 380 3
317 381 0
317 382 5
317 383 3
317 384 4
318 326 4
318 336 3
318 339 4
318 341 5
318 350 4
318 353 3
318 355 5
318 358 3
318 362 5
318 365 1
318 367 5
318 370 4
318 379 6
318 383 0
318 384 0
318 385 3
318 395 0
318 428 5
319 311 4
319 328 2
319 338 5
319 346 3
319 354 4
319 359 3
319 360 4
319 361 2
319 363 5
319 365 4
319 366 5
319 370 3
319 374 5
319 378 4
319 380 6
319 386 3
319 396 5
319 408 4
319 411 6
320 299 7
320 323 8
320 327 4
320 337 3
320 343 5
320 346 3
320 349 6
320 351 4
320 352 4
320 356 7
320 357 5
320 359 1
320 360 4
320 362 3
320 364 6
320 366 9
320 375 2
320 380 3
320 391 6
320 392 2
320 400 2
320 416 7
321 333 3
321 334 4
321 340 4
321 343 4
321 345 6
321 347 3
321 357 2
321 360 0
321 363 3
321 365 3
321 366 2
321 369 8
321 370 7
321 372 7
321 374 3
321 376 4
321 377 2
321 381 4
321 385 3
321 386 1
321 387 8
321 388 2
321 391 6
321 392 2
321 395 4
321 402 7
321 409 3
321 416 8
322 325 2
322 333 5
322 341 2
322 344 2
322 345 6
322 349 6
322 350 0
322 351 8
322 353 2
322 354 0
322 356 4
322 357 5
322 358 3
322 359 7
322 361 3
322 363 4
322 365 4
322 368 6
322 371 3
322 372 7
322 375 2
322 376 4
322 377 1
322 378 5
322 390 4
322 400 2
322 414 7
323 331 3
323 341 5
323 344 5
323 349 9
323 351 5
323 355 2
323 358 4
323 360 8
323 362 7
323 368 6
323 371 7
323 373 5
323 374 7
323 380 5
323 381 1
323 382 1
323 387 0
323 390 5
323 392 3
323 393 5
323 396 3
323 414 4
323 416 7
323 417 6
324 320 3
324 323 3
324 337 3
324 349 5
324 351 2
324 355 8
324 358 2
324 360 3
324 363 5
324 364 4
324 365 5
324 366 2
324 368 1
324 369 3
324 374 5
324 375 4
324 376 2
324 377 4
324 384 4
324 386 6
324 405 3
324 411 5
324 429 5
325 335 4
325 337 3
325 338 8
325 339 7
325 342 1
325 344 2
325 345 2
325 348 4
325 352 2
325 353 5
325 354 4
325 358 4
325 359 3
325 361 5
325 363 4
325 365 7
325 366 2
325 369 3
325 374 3
325 378 8
325 379 6
325 381 3
325 383 4
325 387 2
325 388 6
325 390 4
325 395 6
325 409 5
326 316 2
326 328 4
326 337 5
326 339 3
326 341 4
326 343 1
326 352 4
326 355 6
326 356 3
326 363 6
326 364 3
326 370 7
326 372 2
326 375 4
326 376 4
326 377 2
326 378 3
326 380 0
326 381 2
326 383 8
326 385 5
326 386 3
326 390 4
326 394 7
326 395 2
326 408 4
326 419 2
326 425 6
327 307 6
327 329 1
327 338 2
327 340 5
327 344 3
327 350 6
327 355 4
327 360 7
327 363 3
327 365 4
327 369 3
327 372 3
327 373 4
327 374 3
327 378 3
327 379 5
327 380 4
327 382 4
327 385 7
327 386 5
327 387 5
327 390 2
327 393 6
327 394 2
328 337 1
328 343 3
328 344 5
328 347 5
328 348 1
328 349 6
328 350 3
328 351 5
328 355 4
328 356 6
328 357 2
328 359 0
328 360 5
328 362 2
328 365 4
328 371 4
328 374 6
328 376 4
328 377 4
328 378 5
328 379 1
328 380 4
328 381 2
328 382 5
328 384 1
328 386 2
328 387 5
328 388 3
328 389 6
328 391 2
328 399 8
328 404 3
328 417 8
329 301 5
329 307 3
329 311 5
329 326 4
329 335 2
329 339 6
329 340 5
329 345 3
329 349 5
329 353 2
329 360 0
329 362 5
329 363 6
329 365 4
329 366 5
329 367 6
329 368 6
329 369 4
329 371 5
329 372 3
329 374 6
329 382 3
329 384 2
329 386 2
329 387 3
329 391 3
329 392 0
329 393 6
329 396 6
329 411 3
329 424 7
330 309 4
330 324 5
330 336 7
330 342 4
330 343 6
330 345 6
330 346 6
330 349 6
330 350 4
330 351 4
330 352 3
330 357 5
330 358 3
330 359 6
330 360 2
330 362 3
330 363 3
330 364 2
330 365 3
330 367 6
330 369 4
330 370 5
330 371 4
330 372 4
330 374 1
330 375 5
330 376 1
330 377 8
330 378 2
330 379 4
330 380 7
330 383 5
330 384 7
330 385 4
330 387 1
330 389 4
330 390 4
330 391 5
330 394 3
330 395 2
330 401 4
330 407 3
330 413 4
330 415 6
330 422 8
331 304 5
331 317 3
331 324 5
331 345 1
331 348 4
331 349 4
331 353 2
331 355 5
331 357 3
331 359 3
331 360 3
331 362 4
331 364 4
331 367 2
331 368 1
331 369 5
331 370 3
331 371 3
331 372 4
331 373 3
331 375 4
331 381 4
331 384 4
331 385 2
331 389 5
331 397 3
331 398 7
332 341 4
332 351 3
332 353 5
332 355 4
332 356 4
332 359 3
332 360 4
332 362 6
332 363 4
332 364 6
332 372 3
332 375 8
332 378 1
332 380 5
332 381 3
332 388 7
332 391 2
332 397 7
332 406 5
332 409 4
332 417 3
332 418 7
333 320 4
333 324 1
333 330 6
333 335 2
333 338 3
333 339 6
333 344 7
333 347 6
333 349 6
333 351 2
333 353 5
333 356 5
333 358 5
333 359 0
333 369 3
333 371 3
333 373 4
333 375 4
333 378 2
333 379 4
333 381 6
333 383 5
333 385 3
333 386 3
333 388 2
333 390 3
333 394 5
333 396 3
333 400 0
333 403 3
333 411 5
333 417 7
334 290 2
334 325 2
334 331 3
334 339 5
334 340 4
334 346 6
334 350 3
334 351 2
334 352 2
334 354 1
334 356 6
334 357 4
334 359 1
334 360 8
334 361 2
334 362 7
334 363 7
334 365 7
334 367 7
334 369 5
334 370 2
334 371 2
334 372 3
334 373 6
334 374 7
334 378 4
334 379 7
334 381 1
334 382 7
334 383 2
334 384 1
334 385 3
334 386 0
334 387 2
334 389 4
334 390 5
334 391 5
334 393 3
335 295 2
335 321 3
335 323 4
335 326 2
335 331 4
335 336 4
335 340 3
335 342 6
335 343 5
335 344 4
335 346 5
335 347 2
335 348 7
335 355 0
335 357 6
335 358 2
335 361 1
335 363 2
335 366 3
335 367 4
335 370 4
335 373 4
335 375 4
335 377 3
335 378 6
335 382 1
335 388 4
335 391 6
335 395 3
335 401 8
335 402 2
335 411 6
335 415 5
335 419 6
336 300 5
336 315 4
336 324 2
336 332 5
336 333 1
336 334 4
336 337 2
336 338 1
336 339 3
336 340 3
336 342 3
336 343 2
336 346 2
336 350 5
336 351 7
336 352 3
336 353 3
336 358 6
336 359 1
336 360 3
336 362 6
336 363 6
336 365 3
336 366 4
336 367 2
336 368 2
336 370 6
336 371 4
336 372 5
336 373 3
336 374 3
336 375 5
336 376 3
336 377 3
336 379 5
336 380 6
336 385 1
336 386 1
336 387 1
336 389 2
336 390 2
336 391 1
336 392 2
336 395 1
336 399 3
336 400 2
336 403 1
336 407 6
336 410 4
337 287 3
337 316 3
337 329 4
337 332 1
337 335 3
337 336 2
337 341 4
337 349 5
337 356 8
337 357 2
337 358 5
337 365 3
337 367 2
337 368 4
337 369 2
337 371 3
337 372 2
337 374 4
337 375 2
337 378 2
337 380 4
337 381 5
337 383 1
337 385 3
337 387 3
337 388 1
337 389 6
337 390 3
337 392 1
337 394 3
337 395 2
337 404 2
337 412 4
337 413 0
337 417 2
337 421 5
338 306 3
338 327 4
338 344 3
338 345 4
338 351 8
338 352 5
338 353 2
338 355 6
338 357 6
338 360 2
338 362 3
338 363 1
338 364 7
338 366 3
338 367 2
338 369 5
338 371 3
338 372 3
338 373 0
338 376 8
338 378 6
338 380 3
338 381 2
338 383 2
338 384 2
338 386 2
338 387 3
338 399 6
338 405 3
338 406 3
338 411 3
338 412 2
339 297 4
339 331 3
339 332 3
339 334 3
339 335 1
339 340 7
339 349 3
339 350 7
339 353 3
339 355 6
339 359 2
339 360 3
339 361 5
339 362 7
339 368 4
339 370 4
339 372 0
339 374 9
339 376 3
339 377 3
339 378 3
339 379 4
339 381 1
339 383 3
339 387 5
339 388 5
339 389 8
339 392 7
339 393 1
339 396 2
339 398 4
339 406 3
339 420 5
340 293 5
340 299 6
340 313 4
340 321 6
340 324 4
340 325 5
340 328 3
340 336 2
340 338 0
340 340 4
340 343 4
340 345 3
340 347 7
340 348 5
340 352 3
340 354 3
340 355 5
340 356 3
340 357 2
340 359 0
340 360 4
340 362 8
340 364 7
340 366 7
340 367 3
340 368 7
340 369 4
340 373 3
340 377 5
340 379 5
340 382 1
340 384 2
340 386 4
340 387 2
340 391 4
340 392 2
340 399 4
340 408 7
340 412 6
341 288 4
341 293 5
341 296 5
341 321 4
341 322 4
341 335 1
341 336 1
341 337 4
341 342 6
341 351 3
341 352 7
341 353 5
341 354 0
341 355 5
341 357 1
341 358 7
341 359 5
341 360 5
341 361 4
341 362 5
341 363 2
341 370 5
341 372 2
341 375 5
341 376 2
341 377 1
341 378 8
341 379 5
341 380 4
341 383 3
341 386 4
341 388 2
341 389 2
341 390 7
341 393 2
341 399 5
341 401 3
341 407 6
342 293 4
342 303 7
342 334 10
342 337 3
342 339 7
342 346 2
342 347 7
342 348 3
342 350 2
342 352 1
342 353 7
342 354 6
342 358 1
342 359 6
342 360 3
342 361 5
342 362 2
342 363 2
342 364 0
342 365 8
342 366 5
342 367 3
342 369 3
342 372 2
342 373 3
342 374 6
342 378 4
342 379 6
342 380 3
342 381 5
342 382 2
342 383 5
342 384 4
342 385 3
342 386 1
342 387 3
342 389 4
342 391 2
342 394 3
342 408 2
342 421 6
343 278 4
343 329 3
343 332 2
343 334 7
343 336 7
343 340 3
343 345 2
343 346 4
343 347 4
343 348 8
343 351 6
343 354 2
343 355 7
343 357 3
343 359 0
343 368 4
343 369 6
343 372 3
343 373 5
343 381 5
343 385 1
343 387 6
343 393 2
343 394 7
343 407 4
343 415 4
344 309 6
344 332 0
344 334 0
344 335 2
344 344 3
344 349 3
344 350 5
344 351 6
344 352 7
344 354 3
344 357 1
344 359 4
344 362 6
344 363 2
344 365 6
344 367 3
344 369 7
344 370 5
344 371 2
344 372 6
344 373 8
344 374 2
344 375 6
344 376 6
344 378 7
344 382 6
344 383 0
344 384 6
344 386 0
344 388 5
344 390 3
344 398 1
344 399 6
345 306 3
345 309 8
345 311 2
345 312 5
345 329 3
345 335 2
345 337 3
345 339 3
345 340 2
345 341 5
345 343 2
345 344 1
345 345 4
345 347 1
345 348 3
345 349 4
345 350 1
345 353 6
345 356 7
345 357 6
345 358 4
345 360 7
345 361 5
345 362 4
345 364 3
345 365 5
345 367 0
345 368 8
345 369 4
345 371 2
345 372 2
345 373 5
345 374 3
345 376 4
345 377 6
345 378 4
345 380 3
345 387 2
345 390 4
345 391 0
345 397 2
345 400 5
345 409 0
345 415 3
345 417 5
345 421 4
346 283 4
346 284 5
346 323 6
346 328 0
346 331 4
346 332 3
346 339 6
346 342 4
346 346 2
346 347 1
346 355 5
346 357 1
346 359 5
346 362 6
346 366 0
346 367 0
346 368 4
346 370 1
346 372 1
346 374 4
346 376 3
346 378 6
346 380 3
346 381 5
346 383 1
346 384 2
346 386 0
346 388 2
346 390 1
346 392 1
346 394 0
346 396 1
346 397 4
346 399 0
346 405 2
347 288 6
347 330 3
347 332 7
347 333 0
347 336 4
347 337 1
347 338 4
347 339 4
347 343 5
347 344 3
347 346 6
347 349 0
347 350 5
347 351 4
347 352 2
347 353 2
347 356 7
347 358 5
347 360 7
347 361 9
347 362 6
347 363 3
347 364 6
347 368 8
347 370 6
347 372 3
347 374 0
347 375 1
347 376 3
347 380 3
347 384 6
347 385 2
347 387 4
347 388 3
347 389 6
347 397 2
348 272 4
348 295 6
348 323 3
348 325 4
348 327 3
348 329 4
348 331 4
348 333 1
348 334 5
348 340 5
348 341 1
348 344 3
348 349 4
348 350 9
348 352 3
348 355 6
348 356 3
348 358 4
348 359 4
348 360 2
348 361 3
348 362 2
348 365 6
348 368 2
348 369 6
348 371 1
348 372 8
348 374 5
348 375 1
348 376 6
348 377 7
348 378 4
348 379 0
348 383 2
348 386 2
348 389 7
348 391 5
348 392 3
348 394 7
348 396 3
348 397 3
348 408 5
349 266 5
349 273 7
349 306 7
349 312 0
349 321 4
349 327 3
349 328 2
349 330 5
349 331 1
349 333 2
349 339 7
349 340 2
349 342 2
349 345 5
349 347 5
349 349 1
349 352 1
349 353 0
349 354 6
349 355 6
349 356 7
349 357 3
349 358 5
349 359 4
349 361 4
349 365 5
349 366 4
349 367 7
349 369 3
349 374 2
349 375 1
349 378 5
349 380 100
349 382 4
349 385 2
349 386 6
349 390 2
349 392 5
349 394 1
349 395 0
349 398 1
349 402 1
349 404 2
350 286 5
350 305 4
350 329 4
350 337 3
350 340 7
350 343 1
350 351 3
350 353 3
350 354 6
350 357 4
350 358 3
350 360 8
350 364 5
350 365 3
350 366 7
350 369 3
350 370 9
350 373 6
350 376 1
350 381 6
350 382 6
350 384 1
350 386 0
350 387 7
350 388 4
350 390 3
350 392 3
350 394 9
350 401 6
350 405 2
351 306 5
351 324 5
351 331 6
351 333 2
351 334 2
351 335 3
351 337 1
351 338 3
351 340 3
351 341 4
351 342 6
351 346 3
351 350 8
351 351 3
351 354 4
351 355 8
351 356 1
351 359 3
351 360 1
351 362 7
351 366 4
351 368 7
351 370 0
351 373 5
351 374 2
351 375 7
351 378 7
351 379 6
351 380 2
351 390 6
351 394 7
351 402 1
352 269 6
352 314 1
352 328 0
352 334 5
352 336 2
352 338 4
352 339 2
352 341 6
352 344 3
352 348 5
352 350 7
352 351 5
352 353 2
352 358 5
352 359 3
352 361 4
352 363 6
352 367 6
352 368 3
352 369 4
352 370 8
352 371 6
352 372 7
352 373 0
352 374 0
352 375 6
352 377 7
352 379 3
352 380 3
352 381 2
352 382 3
352 383 2
352 385 5
352 391 8
352 392 7
352 394 8
352 396 8
352 397 5
352 399 7
352 417 0
353 327 3
353 328 2
353 335 4
353 339 2
353 340 2
353 343 4
353 346 3
353 349 1
353 350 5
353 351 5
353 353 4
353 356 9
353 358 4
353 359 8
353 364 7
353 365 7
353 367 2
353 368 5
353 371 5
353 373 8
353 377 2
353 378 6
353 379 5
353 380 5
353 381 0
353 382 4
353 385 6
353 387 5
353 388 3
353 389 6
353 391 0
353 394 1
353 407 3
353 414 6
353 415 5
354 289 6
354 300 4
354 336 6
354 340 2
354 344 4
354 345 4
354 347 4
354 348 5
354 352 4
354 357 4
354 360 7
354 363 2
354 369 7
354 370 2
354 371 6
354 375 2
354 383 2
354 387 6
354 393 2
354 401 3
354 402 5
354 413 1
354 417 0
355 331 1
355 334 1
355 337 9
355 340 4
355 342 2
355 349 6
355 350 4
355 355 5
355 356 3
355 359 5
355 360 3
355 362 2
355 364 6
355 365 8
355 366 6
355 368 2
355 370 2
355 372 6
355 373 3
355 377 1
355 378 6
355 382 3
355 387 2
355 388 3
355 397 8
355 398 1
355 400 1
355 405 2
355 412 7
356 302 5
356 303 2
356 315 5
356 322 2
356 333 1
356 335 2
356 339 3
356 346 6
356 349 5
356 354 4
356 357 4
356 360 5
356 363 6
356 364 3
356 366 9
356 368 5
356 370 3
356 371 4
356 374 3
356 375 2
356 381 4
356 383 7
356 385 1
356 386 7
356 388 2
356 390 4
356 392 8
356 394 5
356 395 1
356 396 4
356 402 8
356 405 0
356 410 8
357 306 4
357 333 6
357 338 4
357 347 4
357 348 1
357 349 5
357 350 6
357 351 3
357 353 4
357 354 4
357 356 5
357 361 9
357 367 5
357 372 3
357 374 4
357 375 3
357 380 2
357 383 4
357 386 7
357 387 8
357 388 1
357 389 6
357 396 1
357 401 6
358 302 6
358 331 7
358 334 4
358 344 6
358 348 2
358 350 5
358 354 5
358 357 3
358 362 8
358 364 9
358 365 6
358 366 7
358 369 3
358 374 8
358 376 4
358 378 6
358 381 3
358 383 8
358 385 6
358 387 4
358 391 8
358 401 4
358 405 7
358 419 0
359 311 5
359 314 6
359 334 7
359 336 5
359 339 3
359 344 3
359 345 2
359 347 1
359 348 6
359 349 6
359 352 8
359 353 6
359 354 3
359 355 5
359 357 10
359 359 4
359 361 6
359 362 7
359 367 5
359 368 2
359 371 3
359 372 2
359 373 6
359 374 8
359 380 4
359 386 1
359 387 4
359 388 2
359 390 4
359 397 9
359 398 2
359 400 5
359 404 0
360 312 4
360 341 3
360 343 5
360 349 4
360 352 5
360 354 6
360 358 2
360 361 4
360 364 10
360 366 3
360 368 5
360 369 1
360 370 6
360 371 2
360 372 3
360 374 3
360 378 7
360 380 3
360 383 1
360 384 2
360 385 0
360 387 4
360 388 5
360 389 5
360 417 1
361 304 3
361 336 5
361 342 6
361 346 5
361 350 7
361 352 7
361 355 5
361 357 4
361 362 4
361 365 4
361 368 7
361 371 4
361 374 3
361 378 3
361 379 4
361 381 0
361 385 8
361 386 2
361 387 6
361 390 5
361 392 4
361 394 3
361 398 0
361 405 5
361 406 0
361 411 3
361 412 2
362 328 1
362 342 5
362 356 2
362 357 6
362 361 3
362 363 2
362 365 7
362 367 1
362 369 2
362 372 3
362 374 6
362 375 2
362 378 3
362 379 3
362 382 5
362 383 0
362 385 3
362 388 7
362 390 6
362 394 2
362 395 3
362 399 3
362 401 0
363 327 3
363 336 4
363 343 5
363 345 4
363 346 2
363 347 9
363 353 3
363 354 7
363 358 2
363 359 8
363 360 8
363 361 5
363 363 8
363 365 5
363 367 9
363 368 6
363 370 5
363 373 9
363 375 3
363 377 7
363 378 5
363 380 0
363 384 1
363 385 5
363 387 1
363 390 4
363 392 4
363 395 1
363 396 1
363 399 0
363 406 1
363 421 2
364 322 8
364 333 5
364 335 5
364 338 6
364 343 3
364 345 2
364 353 2
364 357 3
364 365 2
364 368 6
364 369 4
364 371 6
364 375 5
364 376 3
364 379 3
364 382 2
364 383 0
364 392 6
364 394 3
364 399 1
364 409 1
364 411 2
365 331 1
365 333 5
365 334 6
365 340 6
365 345 4
365 346 3
365 347 1
365 352 3
365 353 7
365 354 4
365 358 1
365 359 2
365 360 7
365 363 8
365 364 1
365 366 5
365 368 4
365 370 3
365 373 6
365 374 1
365 375 0
365 377 6
365 380 7
365 383 0
365 386 8
365 387 4
365 389 2
365 390 3
365 414 1
366 321 7
366 338 3
366 349 7
366 351 2
366 355 7
366 356 5
366 360 8
366 363 9
366 364 3
366 368 0
366 369 6
366 372 3
366 373 2
366 375 3
366 379 4
366 381 3
366 393 5
366 400 0
367 322 5
367 331 4
367 332 4
367 339 5
367 346 7
367 351 6
367 354 7
367 359 8
367 364 5
367 366 8
367 370 7
367 372 7
367 374 5
367 377 3
367 379 1
367 383 6
367 384 0
367 385 4
367 386 3
367 388 1
367 397 6
367 404 2
367 414 0
367 415 8
368 318 4
368 320 4
368 325 5
368 342 7
368 345 9
368 354 7
368 358 4
368 361 7
368 362 5
368 363 7
368 365 3
368 369 4
368 372 3
368 374 3
368 377 4
368 380 1
368 381 1
368 383 8
368 390 0
368 394 6
368 415 4
369 321 3
369 339 5
369 342 5
369 344 4
369 350 8
369 353 4
369 363 5
369 365 3
369 367 8
369 371 4
369 372 5
369 374 4
369 375 2
369 381 1
369 383 4
369 386 7
369 388 8
369 404 5
369 418 5
370 317 2
370 340 7
370 346 1
370 348 4
370 354 6
370 355 2
370 360 2
370 366 4
370 369 2
370 371 4
370 373 5
370 376 4
370 379 2
370 380 4
370 384 4
370 386 3
370 397 9
371 331 4
371 333 5
371 343 6
371 344 2
371 347 6
371 349 5
371 352 6
371 353 6
371 357 3
371 358 3
371 360 5
371 362 2
371 365 7
371 371 2
371 374 5
371 378 0
371 380 0
371 384 0
371 385 5
371 386 7
371 389 2
371 390 5
371 393 4
371 395 2
371 397 2
371 401 5
371 403 1
371 406 5
372 286 3
372 313 2
372 324 4
372 333 6
372 337 6
372 338 3
372 341 7
372 350 5
372 351 5
372 353 5
372 356 1
372 358 3
372 366 7
372 369 4
372 371 3
372 373 5
372 374 5
372 376 10
372 378 5
372 380 6
372 383 2
372 387 7
372 388 4
372 394 6
372 396 3
372 404 0
372 411 4
373 346 1
373 354 6
373 356 8
373 359 8
373 360 3
373 364 7
373 368 5
373 369 6
373 371 2
373 378 4
373 379 3
373 380 6
373 391 2
373 393 5
373 394 4
373 395 5
373 398 0
373 401 0
373 407 2
373 408 2
373 409 4
373 418 4
373 419 3
374 307 6
374 348 5
374 356 2
374 360 6
374 362 4
374 365 3
374 367 4
374 371 3
374 375 5
374 376 0
374 379 0
374 382 3
374 385 3
374 386 3
374 387 2
374 390 6
374 391 10
374 392 7
374 397 2
374 398 8
375 314 1
375 347 0
375 357 5
375 367 4
375 372 3
375 376 1
375 380 2
375 383 3
375 387 0
375 393 9
375 402 6
376 325 3
376 335 1
376 345 4
376 348 6
376 358 8
376 359 7
376 360 3
376 366 4
376 368 4
376 369 4
376 372 3
376 374 0
376 375 2
376 379 2
376 380 1
376 389 6
376 391 4
376 398 6
376 418 4
377 346 4
377 358 4
377 363 4
377 364 2
377 365 5
377 378 0
377 383 4
377 386 2
377 388 1
377 389 4
377 391 0
377 393 1
377 394 1
377 397 1
377 409 4
377 411 0
377 414 3
378 338 4
378 355 5
378 357 2
378 364 3
378 370 5
378 371 1
378 372 5
378 374 4
378 377 1
378 379 1
378 380 6
378 381 0
378 389 5
378 418 5
379 343 7
379 350 3
379 351 2
379 353 3
379 354 3
379 355 2
379 356 6
379 357 3
379 358 3
379 359 2
379 360 4
379 362 4
379 363 6
379 368 1
379 373 2
379 382 4
379 385 4
379 386 0
379 387 3
379 391 2
379 400 0
379 406 0
380 350 2
380 351 4
380 356 1
380 357 1
380 360 6
380 363 3
380 369 4
380 372 2
380 374 3
380 376 5
380 380 4
380 381 4
380 383 3
380 385 2
380 390 1
380 393 4
380 394 3
380 396 2
380 408 5
380 413 3
381 349 4
381 351 2
381 354 4
381 359 0
381 361 4
381 375 3
381 379 5
381 380 0
381 385 4
381 388 2
381 392 2
381 402 4
381 410 6
382 351 2
382 356 6
382 358 1
382 365 2
382 368 2
382 375 3
382 382 6
382 384 2
382 386 4
382 388 0
382 400 4
383 344 2
383 345 4
383 353 2
383 362 5
383 367 1
383 368 6
383 371 3
383 373 3
383 379 2
383 380 6
383 383 1
383 386 0
383 388 6
383 390 3
383 393 4
383 394 0
383 395 2
383 405 1
383 406 2
384 350 5
384 351 1
384 361 3
384 363 4
384 364 5
384 367 3
384 371 2
384 375 5
384 381 3
384 387 3
384 395 2
384 396 1
384 408 6
385 321 2
385 333 2
385 342 3
385 353 4
385 356 3
385 360 4
385 379 4
385 382 0
385 383 3
385 385 2
385 387 0
385 389 0
385 390 1
385 396 2
386 361 2
386 362 4
386 364 4
386 377 2
386 379 3
386 381 0
386 382 0
386 384 1
386 392 5
386 397 1
386 399 4
386 402 5
386 410 7
387 347 1
387 364 3
387 367 4
387 368 9
387 369 1
387 370 2
387 384 2
387 386 3
387 391 0
387 392 6
387 398 1
388 353 4
388 355 3
388 381 2
388 391 5
389 347 0
389 357 3
389 362 3
389 368 4
389 373 1
389 375 4
389 401 3
389 412 3
390 332 3
390 348 1
390 351 5
390 352 3
390 356 1
390 363 2
390 368 9
390 370 3
390 374 0
390 381 6
391 332 4
391 351 0
391 359 2
391 362 0
391 364 5
391 399 0
391 417 7
392 362 1
392 372 4
392 383 1
392 390 0
392 391 2
392 399 1
392 420 1
393 379 2
393 388 7
393 391 3
393 404 1
393 411 6
394 341 4
394 342 4
394 346 4
394 353 3
394 376 100
394 378 0
394 380 4
394 383 4
394 402 5
395 332 3
395 352 5
395 358 7
395 360 6
395 375 9
395 383 3
395 387 4
395 397 3
395 415 6
396 354 4
396 363 3
396 366 1
396 375 5
396 404 2
396 406 0
396 408 4
396 410 5
397 335 4
397 336 1
397 337 1
397 349 2
397 361 2
398 346 3
398 353 3
398 383 1
398 398 1
398 415 3
399 316 1
399 333 3
399 342 2
399 344 0
399 397 0
400 338 3
400 349 3
400 366 2
400 390 1
401 326 2
401 351 3
401 358 2
401 366 10
401 368 2
401 393 4
401 420 1
402 326 2
402 340 1
402 346 1
402 350 3
402 353 4
402 357 0
402 369 10
403 340 1
403 355 4
404 324 0
404 367 100
404 412 2
405 346 4
405 349 2
406 329 5
406 342 1
406 362 4
406 403 2
406 414 1
407 325 1
407 340 0
407 344 2
407 359 1
408 321 1
408 339 1
408 356 1
408 365 5
408 367 6
408 409 1
409 341 1
409 349 5
409 361 1
409 367 7
409 369 7
410 334 2
410 354 3
410 380 8
411 353 6
411 409 0
412 380 7
413 343 0
419 356 5
425 377 2
431 368 1
