751
241 370 2
241 386 4
243 373 1
245 374 3
246 388 2
247 370 0
247 385 3
248 383 2
249 369 4
251 390 4
252 356 5
252 362 1
253 353 5
253 392 1
254 359 4
255 359 3
255 396 3
256 361 3
256 390 3
257 358 4
258 350 3
258 389 1
259 326 3
259 361 2
259 384 3
259 392 2
260 360 3
261 357 3
261 387 0
262 355 3
262 365 0
263 373 3
263 388 3
264 326 4
264 363 3
264 368 4
264 370 5
264 372 6
265 350 4
266 381 4
266 384 2
267 352 1
267 374 2
268 345 5
268 350 0
268 361 2
268 372 1
268 376 2
269 367 1
270 355 1
271 364 3
272 327 2
272 349 4
272 362 1
272 370 4
273 345 5
273 346 6
273 364 2
273 378 1
273 386 5
274 344 2
274 358 1
274 383 3
275 369 2
275 378 4
276 306 2
277 348 0
277 349 3
277 357 1
277 370 5
278 318 1
278 339 5
278 351 1
278 365 9
278 384 6
279 323 3
279 355 3
279 385 2
280 358 0
280 361 3
280 368 0
281 306 1
281 341 1
282 333 0
282 350 0
283 313 0
283 326 2
283 344 3
283 367 1
283 374 4
283 395 0
284 344 1
284 353 7
284 354 1
284 364 3
284 366 6
284 367 3
284 374 4
284 388 1
284 392 0
285 322 4
285 334 1
285 337 7
285 342 3
285 347 4
285 354 4
285 371 2
285 373 3
285 374 2
285 398 2
286 322 1
286 340 2
286 343 0
286 347 1
286 349 2
286 368 8
286 382 2
286 386 0
286 403 2
287 343 1
287 347 1
287 350 0
287 351 3
287 355 0
287 358 1
287 361 4
287 365 0
287 366 0
287 368 3
287 374 2
287 378 1
287 381 2
288 337 1
288 338 5
288 363 7
288 369 4
288 373 2
288 399 1
289 336 4
289 338 4
289 359 3
289 367 3
289 381 2
289 402 2
290 305 4
290 313 5
290 327 0
290 339 3
290 345 3
290 353 2
290 356 3
290 359 0
290 364 0
290 369 3
290 373 5
290 378 2
290 392 1
291 341 2
291 344 5
291 347 5
291 348 1
291 357 2
291 362 5
291 367 5
291 372 1
291 378 1
291 390 3
292 325 0
292 337 6
292 339 6
292 342 0
292 345 2
292 350 2
292 352 0
292 360 4
292 362 3
292 363 2
292 364 8
292 366 4
292 368 1
292 369 2
292 377 3
292 384 1
292 389 0
292 391 2
292 405 1
292 415 4
293 332 1
293 345 6
293 346 2
293 349 3
293 350 1
293 352 0
293 354 2
293 371 4
293 373 3
293 382 1
293 414 2
294 335 2
294 343 1
294 362 0
294 365 4
294 370 3
294 371 3
294 373 7
294 377 1
294 378 4
294 382 0
294 387 2
295 338 0
295 346 1
295 352 4
295 353 3
295 357 4
295 362 3
295 363 5
295 365 6
295 370 3
295 372 8
295 374 3
295 375 4
295 378 2
295 383 0
295 388 1
295 392 3
296 334 1
296 342 7
296 346 3
296 347 2
296 351 3
296 353 3
296 355 8
296 356 1
296 361 2
296 363 1
296 364 1
296 366 5
296 368 4
296 369 2
296 372 7
296 374 2
296 375 1
296 378 5
296 383 7
296 385 8
296 387 1
296 389 2
296 391 4
297 323 5
297 327 4
297 330 2
297 339 3
297 340 3
297 343 4
297 344 2
297 348 3
297 356 3
297 359 7
297 360 5
297 365 2
297 366 4
297 367 2
297 372 3
297 374 3
297 377 3
297 379 6
297 380 2
297 383 3
297 384 6
297 386 3
297 388 4
297 396 7
298 322 1
298 329 2
298 332 5
298 334 1
298 337 2
298 338 2
298 341 2
298 344 3
298 353 1
298 354 1
298 355 2
298 356 5
298 359 6
298 363 3
298 365 4
298 369 3
298 370 0
298 371 0
298 379 1
298 381 1
298 383 4
298 386 0
298 390 2
298 393 3
299 320 2
299 341 3
299 343 4
299 348 3
299 349 4
299 350 3
299 353 0
299 354 1
299 357 0
299 359 4
299 360 8
299 361 0
299 365 4
299 367 1
299 368 0
299 369 2
299 372 2
299 375 3
299 380 0
299 382 2
299 384 1
299 393 1
299 405 3
299 415 6
300 320 3
300 322 6
300 330 5
300 335 4
300 338 0
300 340 6
300 342 1
300 347 4
300 349 4
300 351 2
300 353 6
300 356 3
300 357 1
300 358 3
300 359 5
300 361 0
300 363 1
300 364 7
300 367 7
300 370 0
300 372 4
300 373 6
300 375 2
300 376 0
300 377 8
300 379 6
300 380 6
300 386 0
300 396 3
300 397 1
300 400 4
301 333 4
301 336 2
301 340 1
301 341 6
301 342 1
301 346 0
301 350 2
301 352 4
301 354 6
301 355 0
301 356 0
301 357 3
301 359 1
301 362 5
301 363 2
301 365 0
301 366 2
301 367 1
301 370 3
301 373 3
301 374 3
301 376 2
301 377 2
301 381 7
301 382 5
301 384 7
301 385 0
301 388 2
301 389 3
301 391 0
302 333 4
302 334 5
302 337 2
302 341 2
302 342 4
302 343 2
302 344 3
302 345 4
302 346 4
302 348 4
302 349 1
302 357 0
302 360 3
302 361 8
302 362 2
302 363 3
302 365 2
302 366 3
302 370 3
302 374 0
302 377 1
302 378 2
302 379 3
302 382 6
302 389 7
302 391 1
302 393 0
302 395 0
302 403 2
303 319 3
303 324 7
303 332 3
303 335 1
303 336 6
303 339 5
303 342 4
303 346 3
303 348 2
303 350 5
303 351 1
303 355 0
303 356 4
303 357 5
303 358 0
303 359 0
303 361 3
303 362 2
303 364 5
303 365 4
303 366 1
303 367 3
303 368 3
303 369 2
303 370 4
303 371 6
303 372 1
303 376 7
303 378 3
303 380 4
303 381 3
303 385 4
303 386 6
303 387 3
303 388 1
303 390 6
303 391 2
303 396 3
303 401 8
304 338 4
304 339 1
304 341 3
304 346 2
304 347 4
304 348 0
304 353 0
304 354 2
304 355 3
304 358 3
304 359 1
304 363 3
304 366 2
304 367 1
304 371 0
304 372 0
304 375 3
304 376 4
304 378 0
304 380 5
304 390 0
304 395 5
304 397 4
304 407 3
305 326 2
305 328 1
305 342 4
305 349 4
305 350 2
305 351 3
305 352 1
305 353 1
305 355 1
305 356 1
305 357 2
305 359 1
305 361 3
305 362 1
305 364 3
305 369 1
305 370 7
305 372 3
305 374 3
305 377 4
305 378 6
305 379 7
305 383 4
305 384 1
305 385 4
305 386 0
305 388 1
305 389 3
305 391 3
305 392 3
305 408 4
305 419 6
306 309 3
306 333 4
306 334 2
306 338 5
306 349 2
306 350 6
306 352 2
306 353 3
306 354 0
306 355 2
306 360 2
306 361 3
306 362 4
306 363 2
306 364 3
306 365 2
306 370 3
306 372 4
306 377 3
306 379 5
306 382 0
306 384 5
306 401 1
306 415 3
307 318 6
307 328 6
307 335 4
307 337 1
307 341 1
307 343 4
307 345 4
307 346 1
307 347 0
307 350 2
307 351 3
307 355 3
307 357 0
307 359 5
307 361 2
307 362 3
307 364 0
307 366 0
307 367 3
307 368 4
307 369 2
307 370 3
307 372 6
307 373 4
307 374 1
307 375 0
307 376 1
307 377 4
307 381 3
307 382 5
307 385 0
307 386 3
307 388 0
307 390 5
307 391 2
307 393 5
307 394 2
307 396 1
308 311 0
308 313 1
308 317 5
308 332 4
308 335 3
308 339 2
308 342 2
308 343 0
308 346 4
308 347 3
308 348 1
308 349 6
308 350 5
308 352 1
308 353 0
308 354 5
308 356 5
308 357 4
308 358 1
308 360 7
308 361 3
308 362 0
308 363 1
308 365 0
308 366 1
308 367 1
308 368 2
308 369 6
308 371 1
308 372 3
308 374 1
308 375 2
308 377 5
308 379 3
308 380 1
308 383 5
308 384 0
308 385 2
308 386 1
308 387 6
308 389 7
308 391 0
308 393 3
308 397 2
308 416 5
309 302 4
309 325 5
309 331 3
309 334 1
309 336 7
309 337 7
309 339 3
309 342 4
309 348 9
309 349 0
309 351 2
309 353 3
309 354 1
309 360 9
309 363 1
309 364 4
309 367 4
309 368 0
309 369 3
309 371 5
309 372 3
309 374 6
309 377 5
309 384 0
309 386 0
309 390 5
309 392 2
309 397 1
309 401 4
309 407 5
310 308 0
310 317 2
310 321 4
310 330 3
310 333 1
310 334 0
310 336 3
310 338 0
310 339 3
310 343 3
310 345 0
310 351 7
310 352 2
310 354 1
310 356 6
310 357 1
310 358 2
310 360 0
310 361 1
310 362 0
310 363 1
310 365 2
310 367 3
310 369 6
310 370 4
310 371 6
310 372 2
310 373 4
310 374 5
310 376 5
310 378 6
310 379 2
310 381 1
310 382 2
310 387 0
310 388 5
310 390 1
310 391 3
310 394 3
310 396 3
310 397 1
310 402 2
310 404 4
310 405 2
310 408 7
310 414 4
311 319 2
311 320 3
311 324 3
311 325 2
311 326 2
311 328 1
311 333 5
311 335 4
311 338 1
311 339 8
311 341 1
311 342 0
311 343 4
311 344 2
311 346 8
311 347 2
311 348 3
311 349 2
311 351 1
311 352 3
311 353 0
311 356 3
311 357 3
311 358 1
311 360 5
311 363 4
311 364 0
311 365 4
311 367 3
311 368 2
311 369 6
311 370 0
311 371 2
311 372 1
311 373 5
311 374 5
311 375 2
311 376 3
311 377 3
311 378 2
311 380 0
311 381 1
311 384 0
311 385 0
311 388 4
311 392 2
311 393 3
311 395 4
311 406 3
311 430 6
311 435 5
312 322 4
312 328 3
312 331 2
312 332 6
312 333 1
312 335 7
312 336 2
312 337 4
312 338 3
312 339 3
312 341 4
312 342 3
312 346 8
312 348 4
312 349 3
312 350 2
312 351 2
312 352 2
312 353 3
312 354 2
312 357 5
312 358 0
312 360 3
312 361 1
312 364 0
312 365 0
312 366 6
312 367 2
312 368 4
312 369 4
312 370 0
312 371 0
312 372 1
312 373 2
312 374 4
312 376 2
312 377 4
312 378 4
312 380 1
312 381 4
312 382 1
312 383 0
312 384 2
312 386 1
312 387 0
312 388 1
312 389 2
312 395 6
312 397 4
312 400 2
312 402 3
312 403 3
312 409 5
312 417 4
313 314 6
313 315 3
313 323 7
313 325 4
313 326 3
313 329 0
313 331 3
313 332 3
313 340 1
313 342 3
313 344 3
313 345 0
313 348 6
313 350 3
313 354 3
313 357 3
313 358 4
313 361 1
313 362 3
313 363 4
313 369 0
313 370 0
313 373 6
313 374 3
313 376 1
313 379 4
313 380 0
313 381 2
313 383 4
313 384 5
313 385 1
313 386 5
313 387 3
313 389 2
313 392 4
313 394 0
313 395 2
313 396 4
313 398 4
313 399 3
313 400 2
313 426 5
314 318 2
314 319 0
314 322 4
314 324 3
314 327 1
314 328 3
314 329 4
314 331 4
314 334 3
314 336 3
314 337 0
314 339 4
314 340 5
314 342 5
314 343 1
314 344 1
314 345 2
314 346 2
314 347 4
314 348 6
314 349 3
314 350 1
314 351 7
314 352 5
314 353 3
314 354 0
314 355 4
314 356 4
314 357 5
314 358 5
314 359 0
314 360 4
314 361 4
314 362 2
314 363 3
314 364 4
314 365 4
314 366 2
314 368 2
314 369 0
314 370 1
314 371 1
314 372 6
314 373 0
314 374 5
314 375 7
314 376 2
314 378 1
314 379 2
314 380 2
314 381 3
314 383 1
314 384 2
314 385 4
314 386 3
314 388 4
314 390 5
314 391 8
314 392 4
314 394 6
314 395 5
314 396 1
314 397 3
314 399 2
314 400 4
314 408 1
314 415 4
314 417 6
315 312 3
315 315 6
315 319 5
315 322 1
315 323 2
315 324 6
315 327 1
315 331 4
315 332 3
315 333 2
315 335 1
315 337 0
315 340 3
315 341 2
315 342 3
315 343 3
315 344 2
315 346 5
315 347 2
315 348 3
315 349 3
315 350 1
315 351 3
315 352 3
315 353 2
315 354 2
315 355 3
315 356 2
315 357 1
315 358 0
315 359 0
315 360 5
315 361 5
315 362 2
315 363 3
315 364 4
315 365 4
315 366 2
315 367 3
315 369 0
315 370 2
315 371 2
315 372 6
315 374 3
315 375 3
315 377 4
315 378 0
315 379 3
315 380 5
315 382 3
315 383 3
315 384 4
315 385 1
315 386 4
315 388 3
315 389 5
315 390 5
315 391 3
315 392 2
315 397 4
315 398 3
315 399 4
315 403 3
315 404 4
315 405 6
315 412 2
315 418 6
315 425 6
316 305 2
316 324 6
316 334 4
316 335 5
316 336 2
316 338 4
316 340 2
316 345 2
316 349 4
316 350 5
316 352 2
316 354 2
316 356 4
316 357 6
316 358 2
316 359 4
316 360 5
316 361 1
316 362 4
316 363 4
316 364 0
316 365 1
316 366 1
316 367 3
316 369 4
316 371 0
316 373 1
316 374 0
316 376 4
316 378 3
316 381 6
316 383 6
316 385 5
316 386 5
316 388 0
316 393 3
316 394 2
316 395 3
316 396 2
316 397 3
316 413 4
317 323 3
317 325 3
317 328 0
317 332 3
317 333 3
317 334 0
317 337 1
317 338 3
317 339 7
317 340 2
317 341 4
317 343 4
317 344 2
317 346 0
317 347 7
317 348 2
317 349 1
317 352 3
317 353 6
317 354 2
317 355 3
317 356 3
317 357 0
317 358 1
317 359 2
317 360 6
317 361 3
317 362 8
317 363 2
317 367 1
317 368 4
317 369 2
317 370 4
317 371 3
317 372 3
317 373 3
317 374 2
317 375 0
317 377 2
317 378 1
317 381 3
317 382 0
317 383 5
317 384 6
317 385 2
317 386 0
317 387 2
317 388 0
317 389 3
317 390 1
317 391 0
317 392 7
317 393 4
317 394 1
317 396 1
317 397 3
317 398 4
317 399 4
317 404 7
317 407 3
317 411 7
317 418 5
317 421 7
318 310 4
318 311 4
318 316 3
318 319 1
318 323 5
318 324 3
318 328 3
318 330 2
318 331 5
318 334 3
318 335 4
318 336 5
318 337 2
318 340 3
318 341 3
318 342 1
318 344 5
318 345 5
318 346 6
318 347 4
318 348 4
318 349 5
318 350 4
318 351 1
318 354 5
318 355 6
318 357 4
318 358 8
318 359 3
318 360 3
318 361 3
318 362 1
318 363 5
318 364 3
318 365 0
318 366 0
318 368 2
318 370 3
318 371 3
318 372 4
318 373 2
318 374 5
318 375 2
318 376 4
318 377 2
318 378 1
318 379 4
318 380 5
318 381 4
318 382 5
318 384 1
318 385 3
318 386 5
318 387 2
318 388 1
318 389 2
318 390 3
318 391 0
318 395 4
318 398 2
318 401 4
318 404 1
318 405 3
318 406 4
318 409 1
318 412 7
318 417 7
318 419 3
319 316 5
319 317 4
319 319 6
319 324 4
319 326 2
319 327 1
319 328 6
319 329 3
319 330 2
319 332 3
319 334 8
319 335 3
319 337 3
319 338 3
319 342 2
319 343 2
319 344 2
319 346 7
319 347 2
319 348 0
319 349 2
319 350 1
319 351 6
319 353 3
319 354 2
319 355 2
319 356 1
319 357 2
319 359 3
319 360 2
319 361 4
319 362 3
319 363 1
319 364 3
319 365 0
319 366 3
319 367 5
319 368 2
319 369 8
319 370 3
319 371 4
319 372 2
319 373 0
319 374 0
319 376 1
319 378 1
319 379 5
319 380 2
319 381 3
319 383 0
319 384 6
319 385 2
319 386 3
319 387 6
319 389 4
319 390 2
319 391 0
319 392 2
319 394 4
319 395 5
319 396 1
319 397 1
319 398 1
319 399 3
319 400 2
319 403 1
319 404 2
319 409 2
319 423 0
319 425 0
320 312 2
320 318 3
320 319 3
320 321 3
320 327 3
320 332 3
320 333 4
320 334 4
320 335 2
320 336 1
320 338 4
320 339 2
320 341 2
320 342 2
320 343 4
320 345 5
320 347 2
320 348 2
320 349 0
320 351 5
320 356 5
320 357 2
320 358 4
320 359 5
320 360 3
320 361 1
320 362 2
320 364 1
320 365 5
320 366 2
320 368 3
320 370 4
320 371 3
320 372 2
320 374 5
320 375 2
320 376 1
320 377 2
320 378 4
320 379 4
320 381 0
320 384 0
320 386 2
320 387 2
320 389 5
320 390 6
320 392 1
320 393 2
320 394 0
320 396 3
320 397 4
320 401 2
320 403 7
320 405 4
321 316 3
321 328 2
321 330 3
321 331 2
321 333 1
321 334 5
321 335 0
321 336 4
321 337 4
321 338 1
321 339 3
321 340 1
321 341 6
321 342 1
321 343 5
321 344 0
321 345 6
321 346 1
321 347 3
321 348 5
321 349 5
321 350 7
321 351 2
321 352 6
321 353 2
321 356 2
321 357 5
321 358 4
321 359 3
321 360 5
321 361 3
321 362 4
321 363 3
321 364 0
321 365 0
321 366 5
321 367 3
321 368 4
321 369 5
321 370 0
321 371 1
321 372 1
321 374 7
321 375 3
321 376 4
321 377 3
321 378 6
321 379 4
321 380 2
321 381 0
321 382 4
321 383 3
321 384 2
321 385 6
321 386 4
321 387 3
321 388 6
321 389 3
321 390 1
321 391 2
321 392 4
321 393 6
321 394 1
321 395 2
321 396 5
321 397 4
321 398 4
321 399 3
321 401 2
321 404 1
321 407 4
321 410 7
321 411 8
321 412 4
321 418 7
321 430 3
321 436 4
322 296 5
322 306 4
322 317 7
322 321 4
322 322 1
322 324 4
322 328 5
322 329 4
322 330 4
322 331 4
322 333 3
322 334 4
322 336 1
322 338 4
322 339 4
322 340 1
322 342 0
322 343 2
322 344 2
322 345 3
322 346 2
322 347 0
322 350 2
322 352 5
322 353 0
322 354 3
322 355 4
322 356 4
322 357 5
322 359 3
322 360 5
322 361 5
322 362 2
322 363 6
322 364 2
322 365 3
322 366 6
322 367 1
322 368 2
322 369 4
322 370 4
322 371 1
322 372 6
322 373 2
322 375 0
322 376 4
322 377 6
322 380 3
322 381 4
322 382 5
322 383 5
322 384 4
322 385 1
322 387 2
322 389 1
322 392 0
322 393 2
322 394 0
322 396 4
322 399 3
322 401 6
322 402 5
322 403 2
322 404 6
322 406 4
322 415 6
323 295 5
323 309 3
323 310 2
323 316 4
323 318 1
323 323 2
323 326 3
323 327 2
323 329 4
323 330 3
323 332 5
323 334 2
323 336 1
323 340 1
323 341 1
323 342 1
323 343 7
323 344 2
323 345 1
323 346 3
323 348 7
323 350 1
323 351 5
323 352 7
323 354 5
323 355 6
323 356 3
323 357 3
323 358 2
323 359 1
323 360 3
323 361 3
323 363 6
323 366 4
323 367 4
323 368 5
323 369 3
323 370 0
323 372 3
323 373 3
323 374 4
323 376 0
323 378 3
323 379 5
323 380 3
323 382 0
323 383 1
323 384 5
323 385 1
323 386 3
323 389 1
323 390 6
323 391 0
323 392 4
323 394 1
323 396 7
323 397 7
323 399 5
323 400 3
324 304 3
324 314 3
324 319 8
324 324 3
324 327 1
324 328 3
324 330 3
324 331 5
324 332 3
324 333 5
324 334 0
324 335 1
324 336 2
324 337 4
324 338 2
324 339 1
324 340 4
324 342 3
324 344 3
324 345 4
324 346 3
324 349 5
324 350 3
324 352 2
324 353 3
324 355 2
324 356 2
324 357 2
324 358 1
324 359 0
324 360 5
324 361 2
324 362 2
324 363 5
324 364 3
324 365 2
324 367 5
324 368 3
324 369 6
324 370 4
324 371 1
324 372 1
324 373 2
324 374 0
324 375 6
324 377 1
324 378 6
324 380 3
324 381 1
324 382 4
324 383 2
324 385 1
324 386 1
324 387 3
324 388 3
324 389 4
324 391 1
324 392 2
324 393 6
324 395 4
324 396 2
324 397 4
324 399 3
324 400 1
324 401 1
324 403 3
324 406 2
324 417 6
324 431 4
325 289 6
325 311 4
325 313 1
325 316 2
325 321 5
325 322 2
325 323 2
325 328 1
325 331 2
325 335 6
325 336 2
325 337 2
325 338 4
325 340 0
325 341 5
325 342 2
325 343 2
325 344 3
325 345 2
325 346 3
325 347 5
325 348 1
325 349 1
325 351 4
325 353 3
325 354 5
325 355 0
325 357 1
325 359 3
325 360 3
325 361 1
325 362 0
325 363 7
325 364 4
325 365 1
325 366 5
325 367 3
325 368 2
325 369 5
325 371 5
325 372 0
325 374 1
325 375 3
325 376 4
325 377 1
325 378 4
325 379 0
325 380 2
325 381 1
325 382 7
325 383 3
325 384 3
325 386 4
325 388 3
325 391 1
325 393 5
325 394 4
325 395 6
325 396 4
325 397 1
325 398 5
325 399 3
325 400 2
325 403 8
325 404 2
325 405 1
325 407 0
325 410 3
325 411 5
325 413 8
326 306 4
326 310 3
326 311 3
326 316 1
326 324 3
326 326 2
326 327 4
326 329 3
326 331 4
326 333 0
326 334 3
326 336 5
326 337 2
326 338 1
326 339 0
326 340 1
326 341 2
326 342 1
326 343 2
326 344 5
326 345 1
326 346 1
326 348 1
326 349 1
326 350 1
326 351 6
326 352 3
326 353 5
326 355 6
326 356 0
326 357 1
326 359 4
326 360 5
326 361 5
326 362 4
326 363 2
326 365 0
326 366 3
326 367 5
326 368 6
326 369 3
326 370 2
326 371 9
326 372 3
326 373 4
326 374 4
326 375 3
326 376 4
326 377 4
326 379 1
326 380 2
326 382 0
326 383 3
326 384 2
326 385 4
326 386 3
326 387 6
326 388 2
326 389 2
326 390 3
326 391 6
326 392 2
326 393 1
326 395 5
326 397 8
326 398 0
326 401 0
326 402 8
326 403 3
326 409 6
326 416 6
326 429 4
327 314 2
327 318 4
327 322 3
327 323 2
327 324 2
327 328 0
327 332 3
327 334 1
327 336 2
327 337 1
327 338 1
327 340 5
327 341 3
327 342 7
327 346 3
327 347 1
327 348 3
327 349 3
327 350 1
327 351 3
327 352 3
327 353 6
327 354 4
327 356 2
327 357 3
327 358 3
327 359 4
327 360 3
327 361 5
327 362 0
327 363 8
327 364 3
327 365 2
327 366 2
327 368 4
327 369 6
327 370 3
327 371 3
327 372 6
327 374 1
327 375 0
327 377 2
327 378 4
327 379 0
327 380 4
327 381 0
327 382 3
327 383 1
327 384 3
327 385 3
327 388 3
327 389 7
327 390 2
327 392 4
327 393 0
327 394 1
327 395 6
327 396 0
327 397 3
327 398 4
327 399 0
327 401 0
327 403 0
327 405 6
327 415 2
327 427 4
328 324 1
328 326 2
328 329 5
328 331 1
328 332 2
328 333 2
328 334 2
328 335 1
328 336 5
328 338 7
328 339 2
328 340 1
328 341 1
328 342 8
328 344 1
328 345 3
328 347 5
328 349 5
328 350 5
328 351 4
328 353 1
328 354 2
328 356 4
328 357 7
328 358 4
328 359 1
328 360 5
328 362 5
328 363 2
328 364 4
328 366 4
328 367 6
328 368 1
328 369 6
328 370 4
328 371 5
328 372 2
328 374 5
328 375 0
328 376 3
328 377 4
328 379 2
328 380 1
328 381 7
328 382 2
328 383 6
328 384 3
328 385 0
328 386 1
328 387 4
328 388 2
328 389 5
328 390 3
328 392 2
328 394 6
328 395 2
328 400 3
328 401 2
328 405 0
328 408 3
328 409 6
328 414 5
329 264 2
329 298 3
329 319 3
329 320 2
329 326 0
329 328 4
329 331 4
329 333 3
329 334 1
329 336 2
329 337 3
329 338 6
329 339 3
329 340 2
329 341 0
329 342 3
329 343 6
329 344 3
329 345 4
329 346 1
329 347 4
329 348 2
329 349 4
329 350 5
329 351 3
329 352 2
329 353 5
329 354 4
329 355 7
329 356 4
329 357 2
329 358 5
329 359 1
329 360 5
329 361 1
329 362 0
329 363 5
329 364 1
329 365 2
329 366 3
329 367 2
329 368 2
329 369 2
329 370 5
329 371 0
329 372 3
329 373 2
329 374 5
329 375 2
329 376 3
329 377 2
329 378 6
329 379 5
329 380 5
329 381 2
329 382 4
329 383 8
329 384 3
329 385 5
329 386 3
329 387 1
329 388 2
329 389 2
329 390 4
329 391 2
329 393 7
329 394 6
329 395 2
329 396 4
329 397 1
329 398 6
329 399 1
329 400 8
329 401 1
329 402 3
329 403 2
329 404 2
329 405 5
329 406 1
329 407 2
329 408 5
329 409 6
329 414 6
329 417 5
330 309 2
330 313 5
330 314 0
330 318 3
330 319 1
330 324 5
330 327 3
330 329 0
330 330 2
330 331 4
330 333 3
330 335 0
330 338 2
330 339 2
330 341 6
330 342 6
330 344 5
330 345 4
330 346 3
330 347 0
330 348 5
330 349 4
330 350 2
330 351 5
330 352 0
330 353 5
330 354 5
330 355 7
330 356 7
330 357 4
330 358 5
330 359 0
330 360 1
330 361 4
330 362 4
330 363 0
330 364 6
330 365 2
330 366 4
330 367 8
330 368 3
330 369 5
330 370 3
330 371 5
330 373 4
330 374 6
330 375 4
330 376 1
330 377 7
330 378 4
330 380 1
330 381 2
330 382 3
330 383 4
330 384 5
330 386 6
330 388 1
330 389 2
330 391 1
330 392 3
330 394 5
330 396 0
330 397 3
330 399 3
330 403 0
330 404 0
330 405 3
330 408 0
330 409 3
330 412 3
330 417 6
331 259 1
331 263 0
331 302 4
331 315 7
331 317 2
331 319 1
331 323 0
331 325 2
331 326 3
331 329 6
331 331 2
331 334 4
331 335 1
331 336 1
331 337 1
331 338 7
331 341 2
331 342 3
331 343 3
331 344 5
331 345 3
331 346 0
331 347 6
331 348 0
331 349 3
331 352 3
331 353 1
331 354 5
331 355 7
331 356 3
331 357 7
331 358 3
331 359 1
331 360 6
331 362 4
331 364 0
331 365 1
331 366 0
331 367 2
331 368 7
331 369 4
331 370 0
331 372 2
331 374 6
331 375 3
331 376 5
331 377 1
331 378 3
331 379 4
331 380 5
331 381 2
331 382 1
331 383 6
331 384 1
331 386 5
331 387 0
331 390 0
331 391 5
331 392 0
331 393 6
331 395 5
331 396 2
331 397 6
331 398 3
331 399 4
331 400 2
331 401 1
331 402 1
331 405 1
331 406 5
331 410 7
331 422 2
331 436 4
332 319 1
332 320 2
332 323 1
332 325 1
332 328 0
332 330 1
332 332 1
332 333 4
332 335 2
332 336 0
332 338 2
332 339 4
332 342 1
332 344 3
332 347 4
332 350 1
332 352 4
332 354 3
332 355 2
332 356 5
332 357 3
332 358 7
332 360 5
332 361 3
332 362 4
332 363 7
332 364 3
332 365 0
332 366 3
332 367 2
332 368 1
332 369 1
332 370 2
332 371 5
332 372 2
332 373 3
332 374 7
332 375 3
332 377 3
332 380 5
332 381 4
332 382 2
332 384 1
332 385 0
332 386 1
332 387 3
332 388 1
332 389 4
332 390 5
332 391 0
332 393 2
332 395 2
332 397 2
332 400 1
332 401 1
332 402 1
332 403 3
332 404 2
332 409 2
332 412 3
332 414 2
332 415 5
332 420 5
332 421 7
332 426 2
333 288 2
333 313 2
333 320 1
333 321 3
333 323 2
333 325 4
333 327 1
333 328 0
333 330 2
333 331 1
333 333 2
333 334 2
333 336 7
333 339 0
333 340 1
333 341 2
333 342 1
333 343 5
333 344 7
333 345 3
333 346 4
333 347 5
333 348 0
333 349 2
333 350 3
333 351 1
333 352 3
333 353 2
333 354 5
333 356 3
333 357 1
333 358 3
333 359 1
333 360 1
333 361 2
333 362 6
333 363 2
333 364 1
333 365 8
333 366 6
333 368 1
333 369 6
333 370 5
333 371 1
333 372 3
333 374 6
333 375 5
333 376 0
333 377 3
333 379 4
333 380 5
333 381 4
333 382 1
333 383 2
333 384 4
333 385 3
333 387 6
333 388 1
333 389 4
333 390 0
333 393 4
333 394 3
333 396 1
333 398 4
333 399 0
333 400 5
333 402 1
333 409 3
333 417 1
333 421 4
333 427 2
333 428 5
334 295 4
334 297 2
334 300 3
334 304 5
334 318 3
334 320 2
334 321 2
334 324 5
334 325 4
334 328 0
334 332 0
334 335 8
334 337 9
334 338 2
334 340 2
334 342 4
334 343 4
334 344 4
334 345 2
334 347 6
334 348 3
334 349 2
334 350 4
334 351 2
334 352 2
334 354 4
334 355 2
334 356 1
334 357 4
334 358 2
334 359 1
334 360 6
334 361 4
334 362 5
334 363 3
334 365 5
334 366 6
334 367 3
334 368 5
334 369 0
334 370 6
334 371 2
334 373 8
334 374 3
334 375 4
334 377 2
334 378 2
334 379 2
334 380 5
334 383 0
334 384 5
334 385 3
334 386 0
334 387 3
334 388 3
334 389 1
334 390 3
334 391 2
334 393 5
334 397 0
334 398 4
334 402 0
334 404 5
334 405 5
334 406 1
334 407 0
334 409 5
334 412 5
334 415 1
334 418 1
334 422 5
334 425 6
335 314 2
335 316 1
335 318 1
335 319 3
335 327 0
335 329 2
335 332 4
335 333 6
335 334 3
335 335 3
335 336 0
335 337 1
335 338 2
335 339 1
335 341 3
335 342 4
335 343 0
335 344 2
335 345 4
335 346 2
335 347 4
335 348 2
335 349 6
335 350 4
335 351 3
335 352 2
335 353 5
335 354 6
335 355 0
335 356 0
335 357 3
335 358 1
335 359 4
335 360 7
335 361 3
335 362 8
335 363 2
335 364 2
335 365 3
335 366 1
335 367 4
335 368 4
335 369 4
335 370 2
335 371 3
335 372 1
335 373 6
335 374 2
335 375 4
335 376 3
335 377 3
335 378 3
335 379 3
335 380 3
335 381 3
335 382 1
335 383 2
335 384 1
335 385 2
335 386 0
335 387 7
335 388 6
335 389 5
335 390 2
335 391 3
335 392 1
335 393 4
335 394 6
335 395 2
335 396 7
335 397 5
335 398 5
335 399 2
335 400 4
335 401 6
335 404 1
335 406 4
335 407 3
335 409 3
335 420 5
335 427 5
336 270 6
336 283 1
336 298 3
336 300 3
336 307 5
336 319 4
336 322 6
336 326 1
336 328 1
336 329 4
336 330 2
336 331 1
336 333 3
336 335 4
336 336 2
336 337 0
336 338 3
336 339 1
336 340 2
336 341 4
336 342 3
336 344 3
336 345 5
336 346 1
336 347 2
336 348 5
336 349 0
336 350 0
336 351 4
336 352 3
336 353 1
336 354 1
336 355 3
336 356 3
336 357 4
336 358 5
336 359 2
336 360 3
336 361 4
336 362 2
336 363 3
336 364 0
336 365 6
336 366 1
336 367 1
336 368 7
336 369 7
336 370 1
336 371 4
336 372 2
336 373 4
336 374 1
336 375 6
336 376 3
336 377 3
336 378 2
336 379 6
336 380 2
336 381 3
336 382 2
336 383 3
336 384 5
336 385 3
336 386 4
336 389 3
336 391 6
336 392 5
336 393 3
336 394 2
336 395 5
336 397 1
336 398 4
336 399 5
336 401 5
336 402 0
336 403 2
336 404 0
336 405 7
336 406 3
336 409 1
336 411 5
336 414 5
336 417 0
336 423 6
337 291 5
337 313 2
337 321 1
337 322 4
337 323 2
337 326 3
337 327 5
337 331 4
337 333 1
337 334 0
337 335 8
337 338 4
337 339 0
337 343 3
337 344 5
337 345 1
337 346 0
337 347 0
337 348 3
337 349 4
337 352 0
337 353 3
337 354 4
337 355 1
337 356 3
337 357 3
337 359 2
337 360 2
337 362 2
337 364 3
337 365 0
337 366 4
337 367 2
337 369 0
337 370 6
337 371 8
337 372 3
337 373 2
337 375 1
337 377 1
337 381 3
337 382 3
337 385 1
337 386 5
337 389 2
337 391 0
337 392 2
337 393 0
337 394 1
337 396 1
337 401 3
337 403 7
337 404 1
337 408 4
337 411 0
337 413 3
337 437 5
338 285 2
338 310 0
338 315 2
338 322 6
338 324 1
338 326 3
338 327 0
338 330 5
338 331 1
338 332 4
338 335 0
338 337 2
338 339 1
338 341 5
338 342 3
338 344 7
338 347 3
338 348 2
338 350 0
338 352 3
338 354 2
338 355 1
338 356 0
338 357 6
338 358 2
338 359 2
338 360 6
338 361 0
338 362 1
338 363 1
338 364 3
338 365 4
338 366 7
338 368 1
338 369 3
338 370 7
338 371 3
338 372 0
338 373 2
338 374 3
338 375 1
338 376 1
338 377 4
338 379 2
338 380 2
338 384 3
338 385 2
338 388 3
338 389 3
338 391 1
338 394 5
338 397 1
338 398 5
338 399 4
338 400 8
338 401 0
338 404 6
338 406 1
338 412 2
338 415 3
338 417 5
338 418 5
338 424 3
338 437 3
339 274 3
339 279 5
339 297 4
339 299 1
339 319 3
339 321 3
339 329 1
339 332 0
339 334 0
339 340 3
339 342 6
339 343 0
339 344 4
339 345 7
339 346 6
339 347 2
339 349 5
339 350 1
339 351 3
339 352 1
339 353 5
339 355 3
339 358 1
339 359 2
339 361 6
339 362 5
339 363 6
339 364 8
339 365 5
339 366 2
339 368 2
339 369 6
339 370 2
339 371 3
339 372 7
339 373 1
339 374 2
339 375 4
339 377 0
339 378 1
339 379 4
339 380 3
339 382 6
339 383 3
339 384 6
339 386 3
339 387 1
339 388 4
339 389 4
339 390 1
339 391 0
339 392 0
339 393 2
339 394 3
339 395 5
339 396 3
339 397 6
339 400 3
339 402 8
339 406 3
339 415 6
340 283 1
340 311 0
340 319 4
340 322 5
340 323 0
340 325 4
340 329 2
340 331 4
340 332 4
340 333 0
340 334 6
340 335 2
340 336 4
340 337 3
340 338 2
340 340 0
340 341 4
340 342 4
340 343 5
340 344 2
340 346 4
340 347 4
340 349 7
340 352 1
340 353 6
340 355 3
340 356 2
340 358 1
340 359 2
340 360 4
340 361 5
340 362 4
340 365 4
340 367 1
340 368 2
340 369 3
340 371 2
340 372 5
340 373 4
340 374 1
340 375 4
340 377 5
340 378 1
340 381 0
340 384 3
340 385 0
340 386 4
340 387 2
340 388 4
340 390 1
340 392 0
340 393 7
340 394 7
340 397 0
340 399 5
340 400 0
340 401 1
340 403 3
340 407 5
340 408 5
340 413 6
340 415 2
340 429 4
341 255 2
341 299 3
341 305 2
341 311 4
341 312 5
341 315 0
341 316 2
341 318 7
341 320 4
341 326 3
341 327 0
341 331 3
341 334 0
341 336 4
341 338 1
341 341 2
341 342 10
341 343 2
341 344 4
341 345 1
341 346 3
341 347 1
341 348 4
341 349 0
341 350 2
341 351 5
341 352 5
341 353 4
341 354 0
341 356 3
341 357 2
341 358 3
341 359 1
341 360 0
341 361 5
341 362 3
341 363 0
341 364 3
341 365 2
341 366 4
341 367 3
341 368 3
341 369 1
341 370 1
341 371 1
341 372 6
341 373 1
341 374 1
341 375 0
341 376 4
341 377 3
341 378 4
341 379 2
341 380 3
341 381 1
341 382 0
341 383 1
341 384 5
341 385 0
341 386 5
341 387 1
341 388 2
341 389 4
341 390 0
341 391 1
341 392 0
341 394 1
341 397 0
341 398 4
341 399 8
341 400 3
341 401 5
341 402 3
341 404 2
341 405 1
341 406 2
341 413 0
341 418 0
342 278 1
342 296 2
342 299 5
342 328 1
342 329 4
342 330 2
342 333 3
342 334 0
342 336 0
342 337 2
342 338 0
342 339 1
342 341 1
342 342 5
342 343 1
342 344 2
342 346 5
342 348 2
342 349 4
342 350 3
342 351 2
342 352 0
342 353 4
342 354 2
342 355 3
342 356 4
342 357 6
342 358 5
342 359 2
342 360 3
342 361 5
342 362 1
342 363 1
342 364 4
342 365 0
342 366 3
342 367 2
342 368 6
342 369 2
342 370 1
342 372 1
342 373 1
342 374 1
342 375 4
342 376 2
342 379 6
342 380 6
342 381 3
342 382 0
342 383 6
342 384 5
342 385 6
342 386 4
342 387 7
342 388 2
342 389 6
342 390 1
342 391 0
342 392 2
342 394 0
342 395 1
342 396 5
342 397 5
342 400 1
342 402 0
342 409 2
342 416 3
342 419 6
342 423 5
343 295 3
343 300 1
343 302 5
343 307 4
343 310 0
343 321 2
343 322 6
343 324 3
343 326 2
343 330 3
343 337 2
343 339 1
343 340 3
343 342 1
343 343 3
343 344 7
343 345 3
343 346 5
343 347 4
343 350 4
343 351 1
343 353 0
343 354 3
343 355 2
343 356 2
343 357 6
343 359 0
343 360 6
343 361 0
343 365 2
343 366 2
343 367 0
343 368 4
343 371 3
343 372 2
343 373 2
343 374 6
343 375 0
343 376 0
343 379 6
343 380 1
343 383 6
343 385 2
343 388 3
343 389 2
343 391 2
343 394 3
343 398 2
343 399 4
343 401 7
343 402 1
343 407 2
343 418 3
343 431 5
344 264 5
344 268 3
344 308 1
344 317 3
344 323 7
344 324 1
344 326 2
344 328 3
344 331 4
344 332 3
344 333 4
344 334 1
344 335 0
344 336 1
344 337 3
344 339 5
344 342 3
344 343 0
344 344 6
344 347 4
344 349 5
344 350 5
344 351 3
344 352 4
344 353 4
344 355 2
344 357 2
344 358 2
344 359 8
344 360 1
344 361 1
344 362 1
344 363 2
344 364 2
344 366 6
344 367 6
344 368 2
344 369 7
344 370 0
344 371 3
344 372 1
344 373 0
344 374 3
344 375 2
344 377 5
344 378 0
344 379 8
344 380 1
344 381 2
344 383 1
344 384 3
344 385 1
344 386 4
344 387 0
344 388 2
344 389 1
344 390 1
344 391 2
344 392 4
344 394 1
344 396 0
344 397 3
344 398 3
344 399 1
344 400 1
344 401 5
344 403 2
344 404 6
344 405 4
344 414 4
344 415 5
344 436 3
344 440 3
345 292 4
345 298 8
345 299 3
345 303 6
345 310 1
345 313 2
345 316 1
345 320 0
345 322 2
345 324 2
345 326 3
345 328 1
345 330 3
345 334 1
345 335 3
345 340 3
345 341 7
345 345 4
345 346 4
345 347 5
345 348 5
345 350 0
345 351 2
345 353 5
345 354 4
345 355 6
345 356 6
345 357 3
345 358 1
345 359 0
345 360 4
345 361 4
345 362 7
345 363 3
345 365 2
345 366 1
345 368 1
345 370 3
345 371 4
345 372 0
345 373 3
345 375 6
345 377 4
345 378 5
345 380 6
345 381 3
345 382 6
345 383 5
345 384 4
345 386 8
345 387 2
345 388 3
345 389 0
345 392 0
345 393 5
345 395 3
345 396 5
345 397 2
345 399 0
345 401 4
345 404 5
345 406 0
345 412 0
345 426 2
345 427 4
346 275 4
346 295 4
346 301 2
346 302 4
346 305 5
346 311 3
346 315 0
346 324 2
346 332 4
346 333 1
346 334 5
346 335 1
346 337 2
346 338 2
346 339 3
346 340 2
346 341 4
346 342 5
346 343 4
346 344 5
346 345 3
346 346 0
346 347 3
346 348 4
346 349 3
346 350 5
346 351 3
346 352 3
346 353 3
346 354 6
346 355 0
346 356 1
346 357 0
346 358 2
346 359 6
346 360 1
346 361 4
346 362 5
346 363 7
346 364 2
346 365 8
346 366 3
346 367 2
346 368 4
346 369 2
346 370 3
346 371 1
346 372 4
346 373 2
346 374 3
346 375 4
346 376 0
346 377 1
346 378 2
346 379 2
346 380 3
346 381 1
346 382 7
346 383 1
346 384 2
346 385 1
346 387 3
346 388 7
346 389 6
346 390 1
346 391 0
346 392 2
346 393 1
346 394 2
346 395 7
346 397 4
346 398 1
346 399 7
346 401 1
346 402 6
346 403 0
346 404 6
346 405 4
346 407 5
346 409 2
346 411 5
346 417 1
346 423 7
346 439 4
347 282 3
347 289 4
347 307 4
347 310 4
347 316 2
347 320 4
347 324 5
347 326 4
347 328 3
347 329 3
347 332 3
347 334 0
347 336 7
347 337 0
347 338 1
347 339 3
347 340 3
347 342 4
347 343 1
347 345 3
347 348 3
347 349 6
347 350 5
347 352 1
347 354 6
347 358 2
347 359 2
347 360 6
347 363 4
347 364 0
347 365 2
347 366 2
347 367 2
347 368 6
347 369 2
347 370 3
347 371 0
347 372 3
347 373 0
347 374 2
347 376 1
347 381 4
347 385 4
347 386 5
347 389 3
347 392 6
347 395 6
347 396 2
347 397 4
347 398 4
347 403 5
347 409 4
347 415 5
348 296 3
348 300 6
348 303 3
348 304 6
348 310 3
348 319 5
348 323 3
348 327 2
348 330 1
348 331 2
348 333 1
348 334 1
348 337 5
348 339 1
348 340 6
348 344 1
348 345 0
348 347 4
348 348 4
348 351 2
348 353 4
348 354 0
348 355 2
348 356 6
348 357 3
348 359 2
348 360 2
348 361 6
348 362 4
348 363 6
348 364 0
348 365 5
348 366 5
348 367 3
348 369 6
348 370 5
348 371 7
348 372 1
348 374 1
348 375 6
348 376 0
348 377 7
348 378 4
348 379 100
348 381 1
348 382 1
348 383 2
348 385 3
348 386 4
348 388 2
348 389 2
348 391 3
348 392 3
348 395 4
348 398 1
348 400 5
348 404 4
348 409 0
348 414 0
348 419 1
348 420 1
348 424 2
349 294 5
349 295 2
349 316 3
349 321 5
349 323 1
349 326 1
349 333 1
349 336 2
349 337 1
349 341 6
349 342 6
349 343 2
349 344 4
349 346 3
349 348 8
349 349 3
349 350 3
349 351 2
349 352 6
349 354 2
349 355 2
349 357 5
349 359 7
349 360 4
349 364 1
349 367 0
349 369 4
349 370 7
349 371 3
349 372 4
349 375 7
349 376 4
349 377 5
349 378 5
349 379 4
349 383 7
349 384 5
349 385 2
349 387 1
349 389 4
349 391 6
349 393 6
349 396 0
349 397 1
349 399 3
349 401 4
349 402 4
349 403 5
349 405 2
349 410 3
350 280 3
350 309 3
350 314 3
350 322 0
350 323 2
350 324 7
350 325 2
350 326 6
350 327 2
350 332 1
350 333 3
350 335 1
350 337 2
350 338 9
350 339 2
350 340 4
350 341 3
350 342 3
350 343 6
350 344 2
350 345 4
350 346 6
350 348 7
350 351 3
350 353 3
350 354 2
350 355 3
350 356 5
350 357 4
350 358 6
350 359 2
350 360 0
350 361 3
350 362 4
350 363 5
350 364 3
350 365 4
350 366 3
350 367 3
350 369 4
350 371 7
350 372 2
350 373 4
350 375 5
350 376 0
350 378 6
350 379 5
350 381 0
350 383 10
350 384 0
350 385 9
350 386 1
350 387 6
350 389 0
350 390 0
350 394 0
350 396 2
350 398 2
350 399 4
350 400 2
350 402 0
350 403 5
350 406 2
350 407 5
350 411 6
351 327 4
351 329 5
351 330 3
351 333 2
351 334 2
351 335 0
351 337 0
351 338 4
351 339 4
351 340 3
351 343 5
351 345 1
351 346 6
351 347 0
351 348 3
351 349 2
351 351 5
351 353 5
351 354 6
351 356 3
351 357 5
351 359 4
351 360 2
351 361 0
351 362 2
351 363 4
351 364 4
351 365 2
351 366 1
351 367 5
351 368 0
351 369 2
351 370 9
351 371 7
351 372 9
351 373 5
351 374 3
351 375 8
351 376 5
351 377 2
351 378 1
351 379 1
351 380 2
351 383 0
351 384 4
351 389 6
351 390 5
351 391 6
351 393 5
351 394 7
351 397 5
351 398 2
351 401 0
351 402 4
351 404 6
351 406 1
351 407 7
351 411 5
351 412 4
351 418 1
351 424 4
352 280 4
352 321 1
352 322 6
352 326 1
352 327 3
352 328 8
352 329 5
352 330 4
352 332 6
352 336 1
352 338 0
352 339 5
352 340 3
352 343 6
352 344 3
352 346 7
352 347 1
352 348 4
352 349 2
352 351 2
352 352 4
352 353 5
352 354 6
352 355 2
352 357 4
352 361 6
352 363 5
352 365 5
352 368 6
352 369 4
352 370 3
352 372 0
352 375 4
352 378 6
352 379 2
352 383 5
352 385 1
352 386 6
352 387 5
352 389 6
352 391 7
352 395 4
352 398 4
352 399 6
352 400 4
352 404 7
352 408 3
352 410 1
352 412 5
352 417 4
352 425 0
353 265 3
353 310 5
353 320 6
353 321 1
353 325 1
353 326 1
353 329 0
353 330 2
353 333 7
353 335 4
353 337 6
353 338 6
353 339 5
353 340 4
353 341 7
353 342 6
353 343 7
353 344 4
353 345 5
353 346 4
353 347 2
353 348 7
353 349 3
353 350 6
353 351 2
353 352 0
353 354 4
353 355 0
353 356 1
353 358 7
353 359 1
353 360 1
353 361 4
353 362 4
353 363 5
353 364 3
353 365 3
353 366 8
353 368 7
353 369 1
353 370 0
353 371 0
353 372 4
353 373 2
353 374 6
353 375 0
353 376 1
353 377 4
353 378 5
353 380 6
353 381 1
353 382 1
353 384 4
353 385 5
353 386 3
353 387 4
353 388 1
353 389 1
353 390 0
353 391 3
353 392 3
353 394 3
353 395 7
353 396 2
353 398 3
353 400 2
353 401 5
353 403 1
353 407 5
353 409 1
353 412 0
353 413 0
353 423 5
354 243 5
354 301 7
354 303 2
354 309 3
354 313 4
354 316 5
354 322 0
354 330 2
354 331 2
354 334 4
354 336 4
354 337 4
354 339 3
354 341 2
354 344 1
354 345 2
354 346 4
354 347 3
354 348 5
354 350 7
354 351 6
354 352 2
354 353 4
354 356 2
354 357 2
354 358 1
354 359 1
354 360 5
354 362 0
354 363 3
354 364 5
354 365 2
354 366 8
354 367 3
354 369 2
354 370 5
354 371 8
354 374 2
354 377 0
354 379 0
354 380 4
354 382 5
354 384 1
354 385 4
354 387 3
354 388 4
354 391 2
354 392 1
354 393 5
354 396 8
354 402 5
354 403 2
354 406 0
354 409 3
354 410 7
354 417 8
355 313 1
355 326 2
355 328 5
355 333 1
355 335 2
355 338 0
355 340 3
355 341 7
355 343 7
355 344 5
355 347 3
355 350 6
355 352 0
355 353 5
355 355 5
355 360 1
355 362 4
355 363 6
355 365 7
355 367 1
355 369 5
355 370 2
355 373 6
355 375 6
355 376 3
355 377 0
355 378 4
355 379 0
355 383 2
355 384 2
355 386 2
355 390 2
355 392 2
355 393 1
355 394 3
355 395 4
355 397 6
355 398 0
355 399 3
355 400 3
355 402 2
355 405 0
355 409 2
355 415 3
355 416 6
355 422 1
356 313 2
356 318 0
356 319 0
356 322 2
356 327 0
356 328 3
356 330 4
356 331 1
356 333 4
356 334 5
356 338 2
356 341 1
356 342 5
356 345 1
356 348 6
356 350 1
356 351 3
356 352 1
356 354 0
356 355 5
356 357 0
356 358 0
356 359 1
356 360 8
356 362 5
356 365 1
356 368 4
356 369 4
356 371 7
356 372 4
356 374 2
356 376 3
356 378 0
356 379 1
356 380 1
356 381 2
356 383 7
356 384 4
356 385 2
356 387 5
356 389 4
356 390 3
356 393 5
356 394 0
356 399 1
356 400 0
356 401 0
356 402 0
356 403 4
356 404 5
356 406 2
356 407 1
356 408 3
356 409 0
356 420 2
357 321 4
357 328 7
357 330 3
357 331 2
357 332 5
357 333 3
357 335 3
357 338 5
357 339 6
357 340 5
357 343 3
357 344 7
357 346 3
357 348 4
357 349 7
357 351 5
357 352 3
357 353 2
357 354 5
357 355 6
357 358 4
357 360 3
357 361 6
357 363 3
357 366 6
357 367 4
357 368 3
357 369 5
357 370 3
357 371 8
357 372 7
357 374 3
357 375 1
357 376 3
357 378 1
357 379 0
357 380 1
357 381 6
357 383 2
357 385 2
357 386 0
357 387 7
357 388 4
357 389 3
357 390 3
357 392 4
357 394 0
357 397 1
357 400 0
357 403 0
357 404 3
357 405 7
357 414 0
357 422 5
358 262 6
358 273 3
358 303 7
358 314 4
358 316 3
358 320 3
358 325 2
358 326 1
358 328 7
358 330 5
358 332 2
358 333 4
358 336 6
358 340 5
358 341 0
358 343 5
358 344 5
358 345 3
358 346 7
358 347 1
358 349 9
358 353 6
358 355 5
358 360 4
358 362 6
358 365 4
358 366 10
358 367 0
358 368 1
358 369 1
358 370 7
358 371 1
358 372 7
358 376 6
358 377 6
358 379 7
358 380 5
358 382 0
358 383 5
358 386 5
358 387 4
358 389 7
358 392 3
358 393 3
358 394 3
358 396 6
358 397 6
358 399 1
358 400 4
358 401 8
358 403 3
358 404 5
358 407 0
358 424 5
359 275 4
359 305 1
359 312 5
359 314 5
359 324 5
359 328 5
359 331 1
359 336 1
359 337 3
359 338 3
359 339 3
359 342 4
359 344 1
359 346 3
359 348 1
359 353 0
359 354 1
359 355 0
359 356 0
359 357 2
359 359 5
359 360 2
359 361 1
359 362 3
359 363 10
359 365 3
359 366 8
359 367 3
359 368 9
359 369 4
359 370 4
359 372 2
359 373 2
359 374 2
359 376 1
359 377 3
359 378 3
359 379 3
359 381 0
359 382 5
359 383 0
359 387 5
359 388 0
359 394 2
359 397 3
359 398 6
359 401 2
359 402 1
359 404 2
359 405 1
359 411 7
359 420 1
359 421 4
360 325 4
360 326 3
360 331 7
360 332 2
360 338 4
360 339 4
360 341 2
360 346 7
360 348 2
360 349 6
360 350 3
360 351 5
360 352 6
360 353 3
360 354 7
360 355 6
360 356 7
360 358 6
360 360 4
360 361 8
360 362 1
360 363 1
360 364 0
360 365 9
360 367 5
360 368 9
360 369 5
360 371 0
360 374 5
360 377 2
360 378 5
360 379 0
360 380 3
360 381 2
360 382 1
360 383 2
360 385 0
360 386 5
360 387 3
360 388 2
360 390 4
360 391 1
360 393 2
360 395 4
360 396 5
360 398 8
360 400 7
360 401 5
360 403 3
360 407 4
360 414 0
360 415 1
361 308 2
361 322 6
361 326 6
361 333 5
361 340 0
361 342 1
361 343 4
361 345 4
361 347 2
361 348 0
361 350 4
361 351 8
361 353 4
361 354 3
361 357 2
361 359 4
361 360 2
361 362 8
361 363 4
361 365 1
361 367 6
361 368 2
361 369 2
361 370 0
361 371 5
361 373 5
361 376 0
361 377 2
361 380 5
361 383 2
361 384 6
361 386 2
361 387 3
361 388 0
361 389 4
361 391 4
361 393 4
361 395 1
361 397 3
361 398 5
361 400 5
361 402 4
361 411 0
361 412 6
361 425 0
362 321 3
362 332 3
362 338 2
362 339 7
362 341 1
362 342 2
362 343 1
362 344 4
362 345 8
362 346 0
362 347 4
362 351 4
362 352 0
362 353 3
362 354 3
362 355 7
362 356 3
362 357 2
362 358 5
362 359 2
362 360 2
362 361 6
362 362 2
362 363 0
362 364 5
362 365 4
362 366 0
362 367 7
362 368 6
362 369 0
362 370 2
362 371 5
362 372 2
362 374 0
362 375 8
362 376 0
362 377 0
362 378 5
362 379 3
362 381 4
362 382 6
362 383 1
362 384 4
362 385 6
362 386 4
362 387 1
362 388 5
362 389 2
362 390 8
362 391 2
362 392 1
362 398 1
362 401 5
362 405 2
362 406 3
362 423 4
363 324 4
363 325 3
363 329 5
363 334 4
363 335 3
363 337 5
363 338 3
363 339 5
363 341 3
363 342 2
363 344 1
363 345 1
363 350 2
363 353 1
363 354 1
363 355 2
363 361 6
363 362 3
363 363 8
363 364 1
363 367 4
363 369 3
363 370 0
363 372 6
363 373 1
363 374 1
363 375 2
363 378 2
363 379 3
363 380 1
363 383 2
363 386 3
363 387 0
363 390 4
363 392 6
363 393 2
363 394 3
363 395 4
363 397 4
363 398 5
363 406 1
363 408 2
363 409 3
363 411 0
363 412 3
363 413 4
364 335 1
364 340 3
364 343 0
364 345 2
364 347 1
364 348 4
364 349 5
364 352 2
364 354 1
364 356 4
364 358 3
364 359 2
364 360 2
364 361 5
364 363 2
364 364 0
364 368 8
364 370 4
364 374 4
364 376 2
364 378 5
364 379 0
364 380 2
364 384 0
364 388 1
364 389 6
364 392 3
364 394 0
364 395 3
364 399 4
364 401 5
364 402 3
364 403 4
364 410 1
364 415 4
365 308 5
365 311 4
365 317 7
365 325 1
365 329 4
365 332 4
365 334 4
365 338 1
365 340 3
365 343 1
365 345 1
365 350 1
365 351 6
365 352 7
365 354 7
365 355 4
365 356 0
365 357 4
365 358 3
365 361 3
365 363 6
365 366 3
365 367 8
365 368 2
365 369 5
365 371 3
365 372 2
365 373 2
365 374 6
365 376 7
365 381 2
365 382 3
365 383 4
365 384 1
365 386 0
365 389 0
365 390 2
365 391 4
365 392 3
365 394 2
365 396 1
365 397 5
365 401 1
365 403 8
365 405 1
365 408 2
365 420 4
366 295 6
366 317 4
366 322 3
366 329 2
366 331 3
366 337 2
366 340 1
366 342 1
366 343 5
366 350 7
366 351 3
366 353 2
366 355 4
366 356 3
366 358 3
366 360 5
366 361 1
366 362 4
366 363 8
366 364 3
366 365 1
366 366 1
366 367 3
366 369 4
366 371 3
366 372 8
366 373 1
366 374 2
366 376 2
366 377 2
366 379 3
366 380 0
366 381 4
366 382 2
366 387 0
366 389 2
366 393 1
366 395 5
366 397 8
366 398 1
366 401 3
366 403 3
366 404 3
367 309 7
367 323 5
367 326 4
367 334 6
367 338 2
367 341 4
367 342 7
367 343 2
367 344 2
367 347 5
367 348 4
367 350 1
367 351 2
367 352 5
367 353 2
367 354 5
367 356 1
367 357 4
367 358 3
367 360 4
367 363 1
367 369 6
367 370 0
367 371 3
367 373 2
367 374 3
367 376 0
367 378 3
367 380 0
367 383 4
367 385 0
367 387 4
367 389 3
367 390 3
367 392 4
367 393 3
367 395 3
367 396 4
367 397 2
367 402 0
367 405 7
367 408 3
367 409 3
367 411 0
367 414 1
367 419 6
367 421 3
367 423 3
368 323 4
368 324 4
368 328 4
368 332 4
368 337 5
368 343 2
368 346 0
368 348 2
368 352 1
368 354 3
368 356 3
368 357 3
368 358 1
368 360 0
368 361 4
368 362 4
368 363 4
368 364 0
368 365 3
368 366 2
368 367 1
368 368 3
368 369 0
368 371 6
368 372 4
368 373 1
368 374 4
368 375 6
368 376 2
368 377 5
368 378 3
368 379 1
368 380 0
368 381 9
368 383 3
368 385 3
368 386 3
368 388 4
368 389 1
368 390 3
368 392 1
368 394 4
368 397 8
368 398 4
368 399 4
368 400 5
368 401 1
368 405 8
368 411 2
368 419 4
369 304 4
369 328 5
369 335 7
369 336 1
369 341 5
369 342 6
369 343 3
369 344 2
369 346 6
369 347 1
369 348 4
369 349 0
369 352 0
369 353 7
369 354 5
369 357 0
369 359 1
369 360 3
369 361 3
369 363 1
369 366 2
369 367 8
369 368 4
369 371 7
369 373 5
369 374 6
369 377 5
369 379 2
369 380 5
369 382 2
369 384 1
369 386 6
369 390 3
369 392 3
369 393 3
369 395 6
369 398 3
369 399 3
369 401 7
369 402 1
369 403 2
369 404 0
369 405 6
369 415 2
369 417 5
369 419 3
370 302 4
370 322 1
370 329 6
370 333 1
370 334 3
370 337 8
370 340 5
370 341 4
370 343 3
370 345 2
370 346 3
370 347 2
370 349 1
370 351 5
370 352 4
370 353 5
370 356 2
370 357 4
370 359 4
370 360 3
370 361 4
370 362 3
370 363 3
370 364 3
370 365 2
370 366 0
370 369 7
370 370 6
370 371 6
370 374 1
370 375 6
370 376 3
370 378 4
370 381 2
370 382 1
370 384 2
370 385 3
370 387 3
370 389 2
370 392 1
370 393 2
370 394 4
370 397 1
370 398 0
370 401 0
370 408 1
370 409 3
370 415 4
371 315 6
371 325 4
371 328 2
371 334 4
371 335 2
371 336 5
371 338 5
371 340 6
371 343 6
371 344 6
371 345 2
371 346 4
371 347 4
371 351 5
371 353 2
371 355 3
371 356 4
371 357 3
371 359 3
371 360 2
371 361 1
371 364 3
371 365 5
371 367 1
371 368 7
371 369 1
371 370 2
371 372 3
371 373 1
371 374 1
371 375 3
371 377 0
371 378 3
371 379 2
371 380 4
371 381 0
371 382 3
371 384 3
371 385 1
371 386 1
371 387 0
371 390 1
371 391 3
371 393 0
371 394 1
371 396 4
371 397 0
371 398 9
371 399 2
371 400 0
371 401 2
371 404 4
371 405 2
371 408 2
371 412 2
371 420 1
372 317 4
372 339 3
372 344 1
372 348 2
372 349 1
372 350 1
372 352 2
372 353 0
372 354 2
372 355 7
372 356 2
372 358 5
372 359 2
372 360 5
372 361 1
372 362 5
372 363 4
372 364 2
372 365 2
372 366 2
372 367 2
372 368 2
372 370 3
372 371 2
372 372 6
372 373 3
372 375 3
372 376 1
372 378 5
372 379 6
372 380 4
372 381 2
372 382 1
372 383 1
372 384 0
372 385 2
372 386 2
372 387 3
372 390 3
372 392 0
372 395 0
372 396 2
372 397 8
372 399 8
372 400 1
372 402 1
372 404 1
372 406 3
372 408 5
372 412 2
373 293 4
373 297 4
373 325 5
373 332 3
373 336 2
373 337 1
373 341 0
373 345 2
373 346 3
373 348 0
373 350 7
373 355 2
373 357 6
373 358 5
373 359 2
373 361 4
373 363 2
373 364 1
373 365 1
373 368 3
373 369 4
373 371 2
373 373 0
373 376 0
373 377 8
373 379 5
373 381 7
373 389 4
373 390 1
373 391 3
373 396 3
373 399 5
373 404 2
373 408 5
374 324 3
374 331 3
374 342 6
374 344 5
374 346 3
374 348 2
374 350 1
374 352 5
374 353 5
374 355 4
374 356 3
374 358 5
374 359 4
374 361 6
374 362 8
374 363 6
374 364 2
374 365 3
374 368 3
374 369 6
374 371 2
374 372 2
374 373 2
374 374 5
374 375 1
374 376 3
374 378 0
374 379 6
374 380 7
374 382 2
374 383 4
374 385 1
374 386 0
374 387 4
374 388 3
374 393 6
374 394 5
374 397 3
374 400 5
374 401 1
374 405 2
374 406 6
374 411 0
374 412 0
374 413 4
374 414 2
374 417 7
375 321 0
375 330 3
375 334 4
375 337 3
375 338 2
375 343 5
375 345 2
375 347 0
375 348 1
375 352 2
375 354 5
375 355 6
375 357 4
375 358 0
375 360 2
375 361 9
375 362 3
375 365 4
375 367 3
375 368 0
375 369 6
375 370 0
375 371 3
375 372 1
375 375 4
375 378 9
375 379 3
375 380 0
375 381 3
375 383 3
375 384 2
375 386 2
375 387 4
375 388 3
375 389 4
375 390 0
375 391 8
375 395 0
375 398 0
375 399 1
375 400 2
375 401 8
375 403 4
375 405 2
375 408 2
375 411 2
375 416 5
376 322 2
376 333 1
376 338 5
376 341 4
376 342 3
376 343 1
376 344 2
376 349 3
376 351 2
376 353 6
376 354 4
376 357 1
376 359 4
376 360 3
376 362 10
376 363 2
376 364 2
376 365 3
376 370 2
376 372 2
376 376 5
376 378 2
376 380 0
376 385 4
376 389 2
376 391 0
376 393 1
376 394 3
376 397 1
376 399 2
376 401 0
376 402 3
376 404 1
376 408 3
376 418 5
377 325 4
377 326 3
377 329 6
377 337 6
377 345 5
377 346 0
377 352 3
377 353 0
377 355 3
377 356 3
377 358 1
377 360 3
377 361 5
377 362 2
377 363 7
377 365 2
377 366 9
377 368 2
377 369 3
377 370 2
377 371 0
377 372 2
377 373 2
377 376 2
377 377 2
377 378 4
377 380 0
377 383 1
377 384 8
377 386 1
377 389 3
377 391 0
377 396 0
377 405 1
377 407 2
377 408 6
377 410 4
377 416 0
378 295 5
378 312 3
378 317 5
378 319 4
378 323 5
378 326 0
378 330 2
378 331 4
378 333 6
378 343 4
378 347 1
378 348 4
378 349 6
378 351 3
378 353 3
378 354 2
378 355 0
378 357 1
378 358 1
378 360 5
378 363 7
378 368 0
378 370 1
378 371 8
378 378 4
378 380 3
378 382 5
378 387 7
378 389 3
378 390 3
378 393 1
378 394 1
378 396 4
378 397 4
378 398 1
378 399 9
378 405 2
378 410 0
378 424 2
379 339 6
379 343 1
379 345 1
379 346 4
379 350 1
379 351 2
379 355 2
379 356 4
379 357 6
379 358 4
379 359 2
379 362 7
379 363 5
379 364 2
379 365 0
379 367 3
379 369 5
379 370 4
379 375 3
379 378 4
379 379 0
379 380 0
379 381 1
379 382 0
379 383 1
379 384 1
379 385 3
379 386 3
379 387 1
379 395 3
379 401 4
379 402 1
379 404 1
379 407 0
379 410 3
379 411 1
379 419 0
380 330 3
380 333 1
380 335 2
380 337 5
380 344 4
380 346 3
380 347 1
380 348 5
380 350 1
380 358 2
380 359 4
380 361 8
380 362 1
380 366 2
380 368 4
380 369 2
380 370 1
380 371 3
380 373 3
380 376 0
380 377 0
380 378 1
380 379 4
380 380 5
380 382 4
380 383 2
380 384 4
380 386 2
380 388 1
380 389 5
380 390 5
380 392 7
380 393 0
380 395 0
380 396 4
380 397 4
380 399 3
380 420 5
380 425 3
381 261 2
381 263 3
381 335 2
381 342 2
381 343 5
381 345 6
381 346 3
381 348 1
381 349 4
381 353 4
381 355 3
381 357 3
381 358 3
381 360 1
381 363 1
381 366 1
381 367 0
381 373 2
381 374 0
381 375 7
381 376 1
381 379 4
381 381 5
381 382 2
381 384 1
381 386 5
381 387 4
381 391 4
381 393 0
381 397 4
381 399 2
381 402 2
381 408 2
381 410 1
381 425 5
382 316 2
382 333 3
382 337 5
382 341 5
382 352 0
382 353 4
382 355 4
382 356 4
382 359 4
382 361 0
382 364 3
382 365 3
382 367 1
382 369 2
382 371 1
382 372 0
382 373 0
382 375 2
382 377 4
382 380 0
382 383 4
382 384 2
382 392 3
382 394 5
382 398 3
382 400 2
382 402 4
382 403 1
382 404 2
383 321 1
383 326 1
383 339 7
383 343 4
383 346 1
383 347 2
383 353 3
383 359 4
383 360 5
383 361 2
383 362 5
383 363 0
383 366 2
383 367 5
383 371 2
383 376 1
383 377 4
383 379 5
383 384 0
383 386 2
383 388 1
383 389 2
383 390 4
383 395 4
383 398 0
383 399 0
383 403 1
383 406 2
383 410 3
384 326 2
384 332 4
384 333 5
384 335 1
384 340 2
384 344 6
384 348 2
384 349 5
384 350 6
384 352 2
384 358 3
384 359 3
384 363 3
384 367 2
384 369 3
384 371 4
384 372 0
384 373 7
384 374 5
384 380 6
384 381 2
384 382 2
384 383 1
384 384 1
384 388 6
384 390 1
384 392 0
384 393 3
384 397 0
384 401 7
384 402 4
384 403 1
384 405 1
384 407 0
384 409 4
384 411 0
385 341 1
385 343 5
385 348 5
385 351 1
385 357 3
385 358 2
385 359 3
385 363 6
385 369 7
385 371 4
385 376 0
385 377 6
385 385 2
385 386 7
385 394 1
385 398 7
385 400 6
385 403 3
385 405 1
385 406 5
385 411 2
385 414 1
386 326 2
386 331 2
386 332 1
386 335 2
386 339 4
386 342 5
386 344 1
386 348 2
386 350 1
386 352 2
386 354 3
386 355 2
386 359 0
386 364 5
386 365 2
386 367 0
386 368 3
386 370 6
386 372 3
386 373 0
386 375 1
386 379 4
386 381 2
386 383 3
386 384 3
386 390 1
386 393 5
386 394 5
386 398 2
386 402 3
387 335 6
387 337 3
387 341 0
387 343 0
387 354 0
387 355 3
387 356 1
387 357 2
387 359 3
387 363 5
387 370 2
387 372 0
387 376 1
387 385 3
387 388 2
387 394 0
387 399 0
387 401 3
387 403 6
387 408 3
387 420 4
388 319 3
388 324 1
388 339 3
388 356 5
388 357 1
388 358 6
388 360 0
388 362 7
388 363 4
388 364 4
388 365 2
388 367 1
388 371 7
388 377 1
388 378 1
388 379 0
388 381 3
388 385 1
388 386 2
388 390 0
388 392 2
388 394 0
388 404 6
388 420 0
389 337 4
389 339 0
389 342 4
389 343 4
389 346 1
389 349 3
389 351 1
389 352 4
389 353 4
389 362 2
389 363 3
389 366 1
389 369 1
389 372 0
389 375 0
389 377 0
389 381 6
389 385 3
389 394 3
389 396 2
389 399 5
389 402 5
389 408 0
389 414 3
390 330 4
390 339 1
390 340 0
390 353 3
390 355 2
390 357 1
390 364 3
390 365 4
390 367 5
390 368 2
390 371 2
390 372 5
390 376 2
390 381 2
390 383 0
390 384 0
390 388 0
390 389 3
390 391 0
390 397 0
390 398 10
390 399 9
390 401 0
390 412 4
390 417 3
390 422 3
391 333 1
391 341 0
391 342 2
391 343 4
391 350 2
391 351 1
391 352 3
391 355 2
391 363 1
391 367 3
391 368 4
391 375 4
391 376 6
391 377 8
391 382 2
391 386 0
391 391 2
391 392 0
391 393 4
391 413 4
392 337 2
392 338 1
392 344 0
392 351 3
392 354 3
392 355 4
392 356 4
392 365 3
392 366 1
392 369 2
392 371 1
392 373 2
392 379 5
392 380 2
392 383 3
392 384 0
392 400 4
392 406 2
392 422 5
393 311 0
393 330 4
393 342 2
393 345 3
393 353 2
393 362 3
393 370 0
393 374 3
393 377 8
393 386 0
393 392 3
393 394 2
393 395 1
393 400 3
393 403 6
393 410 0
394 331 3
394 340 1
394 355 9
394 363 2
394 365 1
394 371 5
394 375 7
394 390 3
394 392 3
394 393 2
394 394 2
394 412 5
394 418 2
395 334 0
395 340 3
395 341 2
395 347 3
395 351 2
395 358 1
395 359 0
395 361 3
395 363 3
395 364 10
395 368 0
395 372 1
395 373 1
395 374 2
395 379 7
395 380 7
395 384 0
395 394 3
395 399 1
395 405 0
396 334 3
396 346 2
396 349 9
396 351 4
396 352 7
396 357 1
396 359 2
396 364 2
396 366 2
396 377 2
396 380 2
396 401 4
396 407 5
396 417 6
396 430 0
397 327 4
397 350 4
397 354 2
397 355 2
397 361 0
397 363 0
397 376 0
397 378 2
397 381 9
397 382 0
397 388 1
397 392 3
397 400 0
397 408 5
398 339 0
398 340 1
398 348 7
398 355 2
398 369 100
398 370 8
398 371 2
398 378 1
398 397 2
398 407 1
399 308 4
399 322 3
399 325 2
399 327 2
399 328 4
399 339 0
399 345 1
399 351 2
399 358 0
399 360 2
399 365 1
399 380 2
399 388 1
399 389 2
399 392 1
399 413 4
400 351 8
400 374 100
400 375 100
400 376 0
400 388 2
400 390 0
400 400 5
400 402 0
401 333 0
401 349 9
401 350 3
401 351 6
401 353 4
401 354 0
401 355 0
401 366 10
401 377 1
401 380 2
402 346 1
402 348 3
402 349 1
402 375 1
402 383 2
402 387 4
402 404 1
402 418 1
402 424 1
403 305 0
403 390 2
403 401 2
403 402 3
403 409 1
404 347 8
404 349 3
404 357 5
404 365 7
404 382 1
405 331 4
405 336 1
405 348 2
405 354 2
405 365 1
405 369 2
405 382 3
405 398 2
406 336 3
406 338 2
406 367 2
406 372 2
406 375 1
406 377 0
406 382 7
406 414 3
406 415 2
407 315 0
407 320 4
407 336 0
407 344 1
407 351 2
407 352 7
407 354 2
407 381 5
407 393 0
407 397 0
407 402 1
407 426 1
408 374 2
409 333 0
409 338 2
409 348 0
409 364 5
409 366 6
409 395 0
409 409 2
410 352 9
410 366 4
410 368 4
410 379 8
410 388 2
410 391 3
410 416 4
411 314 1
411 335 3
411 348 3
411 349 4
411 355 2
411 368 4
411 411 1
412 339 5
412 346 2
412 350 5
412 357 8
412 399 4
412 403 0
413 335 2
413 340 0
413 347 3
413 357 3
413 358 4
414 342 3
414 350 2
414 352 5
414 361 1
414 366 3
415 409 3
416 331 5
416 333 3
416 347 3
416 356 2
416 361 4
418 334 0
418 346 2
419 344 4
419 383 7
419 410 0
422 410 0
422 418 0
423 376 1
423 382 1
424 342 0
424 371 0
424 387 7
425 348 6
425 358 0
426 339 1
426 343 1
427 321 0
428 382 1
432 354 1
432 355 1
433 334 4
434 356 0
439 362 1
