751
322 409
331 387
332 380
334 390
335 389
336 408
338 365
338 372
339 359
339 368
339 381
339 384
340 357
341 373
342 379
343 384
344 377
345 389
345 401
346 357
347 371
347 383
347 386
347 417
348 373
350 385
351 359
351 382
351 396
352 367
352 372
353 353
353 385
353 387
354 377
354 392
354 396
355 369
356 371
356 377
357 392
358 379
359 399
360 360
360 368
360 381
361 356
362 358
362 388
363 387
364 374
364 378
365 397
367 373
367 399
369 361
369 362
369 383
370 392
370 394
372 385
373 382
373 394
377 376
377 392
377 394
380 389
380 390
381 379
382 370
382 383
382 396
385 400
387 364
388 378
389 361
395 364
