751
308 387
314 409
315 394
315 413
316 384
317 385
318 381
321 373
323 381
323 390
324 388
325 394
326 390
326 398
326 404
327 369
327 392
328 416
329 335
330 382
330 390
331 344
331 381
332 384
332 398
334 385
335 374
335 384
335 386
335 394
335 412
336 375
336 390
337 380
337 389
337 411
338 353
338 383
340 348
340 369
341 383
342 348
342 351
342 390
342 410
343 364
343 405
344 355
344 407
344 415
345 354
345 360
345 406
345 414
346 358
346 433
348 393
349 376
349 393
350 361
350 379
350 389
350 392
351 352
351 359
351 368
351 382
351 384
352 357
352 364
352 371
352 378
352 396
353 369
353 372
353 373
353 381
353 383
353 403
353 414
353 437
354 362
354 371
354 373
354 434
355 347
355 350
355 387
355 390
355 392
356 350
356 367
356 373
356 394
357 361
357 388
358 366
358 376
358 386
359 387
360 344
360 389
360 395
360 398
361 363
361 390
361 399
361 401
361 431
362 383
362 389
362 392
363 377
363 422
364 353
364 376
364 385
364 397
364 429
365 383
365 387
365 390
365 400
365 432
366 349
366 355
366 359
366 379
366 405
366 410
366 413
367 378
367 382
368 353
368 380
368 391
368 392
370 394
370 400
370 414
371 371
371 395
371 402
372 368
372 371
372 396
372 401
373 381
373 385
373 387
374 399
374 409
375 390
375 392
375 396
376 388
376 392
377 379
377 392
378 379
378 383
378 385
378 395
379 377
379 389
379 401
379 405
380 362
380 398
381 352
381 405
382 369
382 386
382 412
384 363
384 367
384 370
384 409
384 412
385 389
386 364
386 394
386 397
391 375
391 389
392 391
393 403
394 367
394 393
395 401
403 407
