751
297 402
309 379
310 380
311 379
311 416
312 384
312 417
313 393
314 425
317 379
317 388
318 340
318 393
318 419
319 385
320 379
321 355
321 359
321 363
321 390
321 392
321 397
321 408
322 369
322 374
322 382
323 341
323 348
323 355
324 355
325 355
325 428
326 374
326 393
326 395
327 358
327 365
327 391
327 397
328 364
328 368
328 389
328 390
329 394
329 403
330 359
330 397
330 436
331 367
331 368
331 393
331 411
331 416
331 419
331 423
331 449
332 369
332 374
332 375
332 378
332 394
332 438
333 347
333 369
333 372
333 377
333 394
333 403
334 347
334 391
334 401
335 371
335 375
335 387
335 390
335 415
336 352
336 383
336 388
336 400
337 343
337 360
337 366
337 389
337 393
337 416
337 438
337 442
337 446
338 356
338 360
338 389
338 399
338 400
339 375
339 376
339 382
339 393
339 394
339 398
339 404
339 424
339 428
339 443
340 367
340 371
340 393
340 409
341 377
341 401
341 415
341 418
341 442
342 378
342 395
342 407
343 351
343 359
343 361
343 413
344 347
344 352
344 369
344 370
344 394
345 352
345 381
345 385
345 399
345 405
346 362
346 367
346 389
346 400
346 404
346 412
346 416
347 351
347 363
347 372
347 379
347 381
347 398
347 412
348 358
348 360
348 367
348 368
348 370
348 385
348 390
348 401
348 403
349 351
349 358
349 364
349 372
349 378
349 413
350 359
350 377
351 364
351 369
351 374
351 381
351 417
352 384
352 391
352 396
353 355
353 362
353 384
354 358
354 378
354 382
354 391
354 392
354 398
355 358
355 361
355 377
355 382
355 393
355 403
355 404
356 349
356 363
356 379
356 380
356 392
356 403
356 406
356 412
357 355
357 379
357 381
357 386
357 393
357 395
357 400
357 417
358 350
358 358
358 359
358 360
358 363
358 366
358 372
358 382
358 386
358 397
359 360
359 365
359 372
359 377
359 385
359 387
359 397
359 401
359 408
360 364
360 371
360 372
360 377
360 378
360 380
360 382
360 386
360 388
360 390
360 394
360 396
360 397
360 400
360 413
361 360
361 364
361 378
361 379
361 382
361 386
361 387
361 397
361 400
361 408
361 409
362 365
362 382
362 395
362 401
362 403
363 358
363 381
363 394
363 413
363 437
364 362
364 367
364 368
364 390
364 405
365 357
365 364
365 373
365 390
365 392
365 397
365 407
366 355
366 379
366 384
366 388
366 389
366 393
366 401
366 413
367 376
367 383
367 384
367 387
367 392
367 396
367 402
367 411
367 422
368 366
368 367
368 377
368 387
368 393
368 394
368 395
368 399
368 417
369 370
369 380
369 381
369 385
369 389
369 393
369 400
370 362
370 367
370 369
370 372
370 381
370 383
370 391
370 396
370 406
370 419
370 420
371 371
371 373
371 390
371 394
371 404
372 338
372 341
372 351
372 361
372 377
372 389
372 406
372 425
372 426
373 352
373 358
373 367
373 369
373 381
373 382
373 397
373 414
374 375
374 385
374 425
375 392
375 397
375 401
375 415
376 356
376 382
376 383
376 392
376 413
377 383
377 385
377 408
378 350
378 364
378 369
378 407
378 424
379 370
380 336
380 367
380 383
380 396
380 415
381 355
381 394
381 403
381 404
381 410
381 413
381 425
382 354
382 361
382 377
382 384
382 394
383 365
383 366
383 371
383 374
383 381
383 412
383 414
384 354
384 395
384 397
385 400
385 415
386 393
386 415
386 417
387 388
387 399
387 405
387 427
388 354
388 369
388 398
388 409
389 365
389 375
389 395
389 403
390 386
390 420
391 385
392 372
392 377
393 398
394 392
394 420
395 358
395 363
395 381
395 397
396 368
396 395
396 396
396 398
396 399
397 365
397 418
398 390
399 363
399 391
399 392
399 393
399 398
400 408
400 413
401 355
401 403
402 398
403 374
403 395
404 359
404 408
405 378
406 357
406 412
407 416
408 403
408 411
411 364
413 367
414 361
420 408
