751
292 414
296 387
297 398
298 384
300 387
301 395
304 380
304 381
304 431
306 391
306 428
307 353
308 368
308 371
308 392
308 426
309 356
309 368
309 388
310 372
310 391
310 404
310 408
311 360
312 379
312 411
312 420
312 424
313 358
313 401
314 360
314 383
314 403
315 361
315 374
315 383
315 392
315 419
318 338
318 376
318 386
318 391
318 402
318 439
319 347
319 359
319 366
319 374
319 389
319 397
319 414
320 371
320 380
320 402
320 407
321 384
321 385
321 391
321 396
321 397
321 423
321 443
321 447
322 341
322 389
322 413
323 363
323 382
323 396
323 400
323 403
323 411
323 413
323 427
323 441
324 338
324 344
324 347
324 367
324 369
324 371
324 389
324 394
324 398
324 401
325 348
325 357
325 361
325 380
325 386
325 401
325 408
325 419
326 349
326 361
326 364
326 391
326 395
326 400
326 402
326 404
326 408
326 415
326 419
326 440
327 349
327 362
327 380
327 383
327 384
327 392
327 406
327 458
328 372
328 380
328 398
328 405
328 418
328 430
328 442
329 341
329 358
329 361
329 369
329 382
329 383
329 392
329 400
329 403
329 404
329 408
329 419
329 427
330 350
330 374
330 378
330 384
330 393
330 418
331 364
331 370
331 371
331 374
331 378
331 380
331 387
331 390
331 394
331 401
331 423
331 450
332 356
332 365
332 368
332 378
332 395
332 399
332 406
332 412
332 424
332 425
332 435
333 337
333 347
333 349
333 356
333 361
333 366
333 369
333 372
333 378
333 383
333 385
333 390
333 415
333 421
333 425
333 434
333 444
334 350
334 351
334 367
334 371
334 386
334 396
334 400
334 411
334 420
334 431
335 337
335 341
335 365
335 367
335 370
335 375
335 376
335 377
335 387
335 390
335 399
335 402
335 403
335 406
335 407
335 415
335 420
335 434
336 337
336 344
336 351
336 357
336 374
336 375
336 382
336 383
336 389
336 401
336 413
336 441
337 335
337 344
337 374
337 386
337 409
338 348
338 359
338 360
338 367
338 380
338 383
338 395
338 398
338 408
338 462
339 336
339 362
339 378
339 381
339 387
339 393
339 398
339 401
339 402
339 403
339 404
339 409
339 416
339 422
339 432
340 353
340 356
340 360
340 362
340 366
340 370
340 376
340 379
340 391
340 397
340 403
340 404
340 405
340 421
341 334
341 370
341 372
341 379
341 385
341 389
341 397
341 399
341 400
341 412
341 441
341 443
342 371
342 379
342 381
342 383
342 386
342 387
342 388
342 390
342 392
342 396
342 406
342 408
342 417
342 423
343 335
343 336
343 355
343 357
343 362
343 366
343 372
343 373
343 375
343 378
343 379
343 398
343 405
343 406
343 418
343 423
343 441
344 345
344 351
344 355
344 358
344 371
344 374
344 375
344 384
344 387
344 398
344 406
344 407
344 419
344 423
345 347
345 352
345 377
345 384
345 394
345 395
345 441
346 347
346 352
346 360
346 374
346 379
346 383
346 391
346 392
346 402
347 349
347 376
347 377
347 379
347 380
347 383
347 386
347 388
347 390
347 391
347 392
347 393
347 396
347 397
347 404
347 405
347 415
347 424
348 359
348 363
348 372
348 378
348 379
348 380
348 381
348 383
348 384
348 385
348 391
348 392
348 401
348 408
348 428
349 343
349 360
349 369
349 376
349 377
349 382
349 383
349 389
349 392
349 393
349 398
349 404
349 423
350 357
350 361
350 372
350 384
350 388
350 390
350 392
350 393
350 401
350 404
350 421
351 350
351 351
351 356
351 364
351 368
351 370
351 374
351 376
351 378
351 384
351 385
351 386
351 389
351 396
351 397
351 402
351 403
351 404
351 408
351 409
351 411
351 420
352 353
352 357
352 359
352 362
352 363
352 375
352 381
352 383
352 384
352 386
352 388
352 394
352 396
352 398
352 416
352 420
353 344
353 357
353 359
353 364
353 366
353 368
353 375
353 379
353 380
353 385
353 394
353 396
353 397
353 398
353 401
353 410
353 411
353 416
354 313
354 359
354 361
354 370
354 371
354 372
354 381
354 393
354 414
354 420
354 436
354 437
355 347
355 350
355 360
355 361
355 367
355 376
355 379
355 387
355 388
355 389
355 390
355 394
355 395
355 398
355 404
355 409
355 424
356 347
356 352
356 370
356 374
356 378
356 380
356 384
356 388
356 397
356 401
356 403
356 412
356 419
356 423
357 358
357 360
357 361
357 363
357 364
357 366
357 368
357 370
357 372
357 378
357 382
357 384
357 387
357 388
357 391
357 407
357 409
357 411
357 415
357 429
358 353
358 355
358 359
358 369
358 373
358 380
358 391
358 394
358 399
358 421
358 434
359 342
359 355
359 361
359 364
359 366
359 381
359 383
359 388
359 389
359 392
359 396
359 401
359 404
359 405
359 410
359 411
359 417
360 351
360 356
360 362
360 364
360 372
360 375
360 383
360 386
360 388
360 391
360 431
361 351
361 355
361 360
361 366
361 367
361 372
361 377
361 379
361 382
361 384
361 387
361 394
361 397
361 398
361 399
361 402
361 411
361 414
361 425
361 430
362 351
362 354
362 359
362 369
362 371
362 372
362 375
362 382
362 387
362 393
362 406
362 423
362 436
363 333
363 351
363 353
363 356
363 359
363 363
363 364
363 368
363 369
363 370
363 372
363 374
363 381
363 385
363 388
363 391
363 394
363 401
363 404
363 410
363 414
363 422
363 441
363 445
364 343
364 357
364 360
364 366
364 376
364 383
364 385
364 388
364 394
364 395
364 402
364 422
364 423
365 364
365 365
365 367
365 368
365 372
365 376
365 386
365 388
365 390
365 403
365 404
365 410
365 413
365 415
365 436
365 439
366 339
366 354
366 357
366 359
366 373
366 374
366 378
366 384
366 386
366 388
366 400
366 402
366 410
366 416
366 426
367 342
367 354
367 364
367 365
367 370
367 371
367 372
367 373
367 374
367 375
367 378
367 384
367 387
367 390
367 393
367 401
367 404
367 406
367 415
367 417
368 319
368 355
368 363
368 368
368 369
368 384
368 385
368 387
368 389
368 390
368 391
368 397
368 398
368 402
368 413
368 416
368 424
369 335
369 336
369 341
369 344
369 347
369 349
369 351
369 354
369 358
369 370
369 379
369 381
369 387
369 388
369 391
369 396
369 404
369 409
369 416
369 432
370 350
370 370
370 371
370 375
370 382
370 383
370 384
370 385
370 389
370 391
370 397
370 398
370 405
370 413
370 420
371 347
371 365
371 367
371 372
371 376
371 383
371 385
371 402
371 403
371 410
371 424
371 426
372 354
372 369
372 372
372 374
372 377
372 380
372 382
372 387
372 388
372 390
372 392
372 394
372 405
372 408
372 411
372 415
372 419
373 354
373 357
373 362
373 367
373 370
373 372
373 375
373 380
373 381
373 383
373 387
373 388
373 390
373 400
373 402
373 408
374 365
374 366
374 377
374 383
374 385
374 386
374 399
374 405
374 409
374 419
374 424
375 359
375 360
375 364
375 369
375 372
375 377
375 378
375 390
375 403
375 405
375 415
375 416
375 424
376 339
376 343
376 364
376 368
376 371
376 373
376 386
376 393
376 394
376 398
376 403
376 408
376 414
376 423
377 336
377 341
377 353
377 359
377 363
377 366
377 373
377 375
377 378
377 383
377 385
377 390
377 391
377 414
378 324
378 358
378 360
378 366
378 376
378 381
378 383
378 389
378 393
378 395
378 401
378 404
378 408
378 409
378 412
379 359
379 371
379 372
379 376
379 379
379 384
379 385
379 386
379 390
379 395
379 412
379 423
380 328
380 346
380 357
380 365
380 371
380 374
380 376
380 381
380 387
380 388
380 389
380 392
380 407
380 408
380 413
381 349
381 350
381 365
381 374
381 375
381 376
381 381
381 382
381 384
381 388
381 397
381 398
381 406
381 407
381 410
381 412
382 358
382 373
382 378
382 386
382 392
382 398
382 400
382 402
382 407
382 408
382 429
383 358
383 376
383 379
383 381
383 383
383 408
383 421
384 348
384 353
384 359
384 368
384 372
384 397
384 413
384 416
384 417
384 420
384 425
385 344
385 360
385 377
385 381
385 386
385 388
385 393
385 397
385 406
385 412
385 416
385 419
385 423
385 427
386 338
386 344
386 350
386 353
386 364
386 365
386 368
386 376
386 385
386 393
386 394
386 408
386 412
386 419
386 421
387 339
387 347
387 358
387 380
387 383
387 384
387 388
387 399
387 400
387 417
388 365
388 382
388 384
388 408
388 414
388 417
388 425
388 428
388 443
389 349
389 403
389 414
389 434
390 347
390 366
390 372
390 377
390 379
390 382
390 389
390 397
391 373
391 381
391 391
391 393
391 394
391 421
392 362
392 373
392 376
392 378
392 382
392 389
392 405
392 406
392 407
392 411
392 417
392 440
393 359
393 386
393 388
393 403
393 405
393 409
393 421
394 345
394 387
394 399
394 403
394 405
394 410
395 353
395 369
395 377
395 383
395 391
395 396
395 398
395 413
395 421
396 343
396 346
396 363
396 370
396 372
396 389
396 398
396 421
397 346
397 379
397 389
397 405
397 410
397 419
397 422
398 359
398 369
398 371
398 373
398 381
398 386
399 374
399 382
399 388
399 397
400 357
400 359
400 372
400 391
400 392
401 374
401 380
401 398
401 401
402 372
402 383
402 391
402 401
402 406
402 408
403 386
403 391
403 393
403 398
403 422
404 363
404 372
404 404
404 405
404 420
405 347
405 388
405 403
405 410
405 419
406 350
406 368
406 379
406 384
406 417
407 394
407 408
407 419
408 383
409 354
409 390
409 391
409 401
409 403
410 369
410 383
410 384
411 354
411 364
411 367
411 382
412 354
412 355
412 365
412 370
412 378
412 387
412 396
413 385
413 399
414 368
414 388
415 366
415 375
415 404
415 413
416 359
416 403
417 369
417 384
417 386
418 360
418 381
418 389
421 370
430 373
