751
283 380
283 404
284 374
289 385
291 377
291 378
294 378
296 380
296 423
298 373
298 378
298 405
299 391
299 397
299 415
300 401
300 432
301 394
301 431
302 357
302 388
303 390
304 370
304 395
304 420
305 379
305 394
305 400
305 402
306 365
306 405
307 374
307 389
307 390
307 400
307 413
308 364
308 366
308 371
308 383
309 353
309 358
309 377
309 383
309 385
309 388
309 399
309 401
309 407
310 361
310 404
311 341
311 373
311 398
311 401
311 412
311 428
312 345
312 372
312 376
312 377
312 384
312 386
312 392
312 393
312 407
312 412
313 356
313 367
313 376
313 387
313 397
313 410
313 431
314 359
314 362
314 376
314 387
314 391
314 392
314 394
314 403
314 408
314 420
315 354
315 360
315 366
315 373
315 380
315 384
315 394
315 399
315 403
315 406
315 407
316 340
316 369
316 379
316 385
316 394
316 404
316 406
316 410
316 416
316 421
316 425
316 429
316 430
317 341
317 356
317 361
317 363
317 368
317 371
317 383
317 385
317 396
317 402
317 405
317 408
317 418
317 424
317 441
317 443
318 359
318 369
318 381
318 399
318 400
318 408
318 412
318 419
318 424
318 429
319 332
319 358
319 363
319 365
319 367
319 370
319 374
319 389
319 394
319 428
319 443
320 359
320 376
320 385
320 432
320 433
320 434
321 326
321 364
321 376
321 379
321 381
321 387
321 392
321 393
321 401
321 409
321 410
321 424
321 447
321 454
322 351
322 354
322 362
322 368
322 379
322 396
322 406
322 418
322 426
323 354
323 358
323 364
323 371
323 373
323 374
323 377
323 378
323 387
323 398
323 409
323 411
323 412
323 438
324 332
324 340
324 369
324 372
324 375
324 376
324 377
324 380
324 383
324 388
324 389
324 390
324 397
324 401
324 404
324 434
324 436
324 444
325 340
325 341
325 370
325 371
325 372
325 374
325 375
325 377
325 385
325 387
325 392
325 394
325 400
325 405
325 433
325 435
325 454
326 334
326 342
326 344
326 345
326 346
326 355
326 360
326 363
326 368
326 370
326 378
326 388
326 393
326 394
326 395
326 399
326 400
326 403
326 406
326 410
326 448
326 450
327 338
327 339
327 349
327 356
327 367
327 371
327 381
327 382
327 386
327 392
327 398
327 399
327 404
327 406
327 413
327 421
327 425
327 435
328 336
328 341
328 357
328 358
328 360
328 361
328 368
328 370
328 371
328 372
328 388
328 390
328 391
328 394
328 398
328 407
328 410
328 413
328 414
328 418
328 423
329 333
329 338
329 342
329 343
329 346
329 347
329 358
329 359
329 363
329 364
329 367
329 368
329 373
329 374
329 375
329 376
329 387
329 388
329 392
329 394
329 395
329 401
329 418
329 423
329 429
329 430
329 437
329 465
330 344
330 356
330 369
330 373
330 380
330 382
330 386
330 388
330 394
330 404
330 414
330 422
330 429
330 433
330 446
331 338
331 340
331 347
331 350
331 357
331 360
331 364
331 366
331 367
331 373
331 385
331 387
331 393
331 399
331 400
331 402
331 404
331 406
331 409
331 416
332 343
332 351
332 353
332 354
332 360
332 363
332 364
332 368
332 371
332 372
332 380
332 381
332 382
332 385
332 389
332 392
332 393
332 395
332 398
332 404
332 411
332 412
332 413
332 419
333 329
333 332
333 339
333 342
333 346
333 355
333 356
333 358
333 362
333 368
333 369
333 371
333 379
333 381
333 387
333 395
333 396
333 405
333 406
333 407
333 416
333 423
333 431
333 433
333 455
333 459
334 336
334 339
334 341
334 361
334 362
334 364
334 368
334 370
334 371
334 372
334 373
334 374
334 375
334 378
334 379
334 380
334 382
334 383
334 384
334 388
334 392
334 398
334 400
334 401
334 410
334 413
334 420
334 421
334 435
334 438
335 332
335 356
335 358
335 360
335 361
335 363
335 367
335 368
335 373
335 383
335 385
335 387
335 389
335 390
335 393
335 394
335 395
335 396
335 399
335 401
335 402
335 405
335 407
335 411
335 419
335 425
336 338
336 347
336 352
336 356
336 357
336 363
336 364
336 368
336 371
336 373
336 374
336 375
336 377
336 378
336 380
336 382
336 384
336 387
336 388
336 393
336 395
336 397
336 398
336 400
336 405
336 406
336 413
336 416
336 418
336 421
336 424
336 429
336 439
336 463
337 352
337 361
337 362
337 370
337 371
337 373
337 376
337 378
337 382
337 384
337 392
337 394
337 396
337 398
337 399
337 402
337 405
337 408
337 409
337 415
337 418
337 426
337 427
337 430
337 431
337 436
337 438
337 440
337 446
338 320
338 326
338 330
338 332
338 339
338 352
338 355
338 364
338 367
338 374
338 376
338 377
338 380
338 382
338 384
338 387
338 388
338 390
338 395
338 402
338 403
338 406
338 407
338 408
338 410
338 426
338 436
338 445
339 349
339 351
339 353
339 356
339 359
339 360
339 361
339 362
339 364
339 366
339 367
339 368
339 369
339 370
339 371
339 374
339 375
339 376
339 379
339 380
339 381
339 385
339 387
339 389
339 391
339 392
339 400
339 401
339 405
339 406
339 407
339 408
339 409
339 410
339 418
339 433
339 440
339 442
340 333
340 337
340 343
340 347
340 354
340 356
340 357
340 361
340 362
340 366
340 368
340 373
340 374
340 380
340 381
340 382
340 384
340 385
340 386
340 388
340 389
340 394
340 396
340 397
340 408
340 411
340 413
340 420
340 423
340 443
341 326
341 340
341 358
341 363
341 364
341 366
341 370
341 374
341 378
341 381
341 382
341 388
341 394
341 395
341 396
341 397
341 400
341 402
341 407
341 414
341 416
341 419
341 434
341 444
341 447
342 327
342 352
342 354
342 356
342 360
342 364
342 367
342 368
342 369
342 371
342 373
342 375
342 377
342 378
342 380
342 381
342 385
342 386
342 388
342 390
342 395
342 397
342 398
342 399
342 405
342 411
342 415
342 418
342 422
342 431
342 457
343 324
343 337
343 338
343 341
343 347
343 352
343 353
343 358
343 360
343 362
343 363
343 367
343 368
343 370
343 371
343 372
343 374
343 375
343 382
343 384
343 385
343 388
343 391
343 395
343 396
343 397
343 398
343 400
343 401
343 402
343 409
343 414
343 418
343 424
343 435
344 333
344 338
344 342
344 344
344 349
344 350
344 353
344 355
344 356
344 359
344 360
344 361
344 363
344 367
344 368
344 372
344 375
344 378
344 379
344 381
344 382
344 385
344 386
344 387
344 391
344 392
344 393
344 400
344 403
344 408
344 413
344 414
344 419
344 425
344 426
344 429
345 350
345 357
345 360
345 368
345 369
345 371
345 372
345 373
345 375
345 377
345 378
345 380
345 382
345 383
345 385
345 386
345 389
345 390
345 392
345 396
345 398
345 400
345 403
345 407
345 408
345 411
345 415
345 446
345 449
345 453
346 340
346 348
346 350
346 352
346 353
346 358
346 360
346 361
346 362
346 366
346 368
346 371
346 376
346 377
346 378
346 380
346 381
346 382
346 383
346 385
346 388
346 389
346 391
346 393
346 394
346 398
346 401
346 402
346 403
346 404
346 405
346 406
346 407
346 408
346 411
346 419
346 437
347 331
347 339
347 346
347 347
347 349
347 355
347 357
347 363
347 364
347 366
347 368
347 369
347 370
347 371
347 374
347 375
347 376
347 377
347 380
347 381
347 382
347 383
347 385
347 391
347 396
347 397
347 402
347 406
347 407
347 411
347 413
347 417
347 420
347 422
348 327
348 331
348 335
348 337
348 343
348 347
348 352
348 353
348 355
348 356
348 357
348 358
348 359
348 360
348 362
348 369
348 371
348 373
348 374
348 375
348 376
348 377
348 378
348 379
348 380
348 381
348 383
348 385
348 389
348 392
348 393
348 397
348 398
348 402
348 404
348 408
348 409
348 415
348 433
348 440
348 441
349 321
349 343
349 347
349 351
349 354
349 359
349 361
349 362
349 363
349 366
349 368
349 370
349 371
349 373
349 374
349 376
349 377
349 378
349 380
349 381
349 384
349 385
349 386
349 387
349 391
349 393
349 396
349 398
349 400
349 401
349 403
349 406
349 411
349 424
349 427
350 340
350 341
350 354
350 357
350 358
350 359
350 369
350 370
350 371
350 373
350 374
350 376
350 377
350 378
350 381
350 382
350 389
350 390
350 391
350 392
350 394
350 396
350 398
350 399
350 406
350 408
350 429
351 331
351 342
351 344
351 347
351 349
351 354
351 356
351 360
351 361
351 362
351 364
351 365
351 366
351 367
351 370
351 372
351 374
351 375
351 378
351 381
351 382
351 383
351 386
351 389
351 390
351 391
351 392
351 393
351 397
351 400
351 405
351 411
351 415
351 420
351 422
351 426
351 449
352 336
352 344
352 356
352 360
352 364
352 365
352 367
352 368
352 369
352 373
352 374
352 376
352 378
352 379
352 381
352 382
352 386
352 388
352 390
352 393
352 394
352 395
352 401
352 403
352 407
352 408
352 411
352 418
352 420
352 421
352 427
353 336
353 344
353 348
353 353
353 354
353 355
353 358
353 360
353 362
353 364
353 370
353 371
353 373
353 375
353 376
353 380
353 383
353 384
353 385
353 390
353 392
353 396
353 397
353 399
353 401
353 402
353 403
353 406
353 409
353 411
353 413
353 421
353 423
353 432
354 333
354 339
354 340
354 348
354 356
354 358
354 359
354 360
354 361
354 362
354 366
354 368
354 369
354 370
354 371
354 376
354 378
354 383
354 386
354 387
354 388
354 390
354 395
354 397
354 398
354 402
354 403
354 404
354 407
354 409
354 415
354 417
354 418
355 343
355 345
355 351
355 354
355 356
355 358
355 362
355 364
355 369
355 370
355 375
355 376
355 378
355 379
355 385
355 389
355 390
355 393
355 398
355 400
355 401
355 402
355 406
355 409
355 414
355 426
356 326
356 343
356 347
356 352
356 355
356 356
356 359
356 363
356 366
356 369
356 370
356 371
356 372
356 373
356 374
356 381
356 383
356 384
356 388
356 390
356 392
356 394
356 395
356 396
356 397
356 399
356 401
356 403
356 406
356 414
356 416
357 339
357 349
357 355
357 356
357 360
357 361
357 362
357 363
357 364
357 365
357 367
357 369
357 371
357 373
357 375
357 376
357 378
357 382
357 383
357 385
357 386
357 387
357 389
357 390
357 392
357 393
357 396
357 399
357 401
357 403
357 404
357 408
357 412
357 414
357 416
357 417
357 421
357 437
358 289
358 341
358 344
358 348
358 353
358 357
358 358
358 365
358 366
358 369
358 371
358 373
358 375
358 377
358 378
358 379
358 382
358 384
358 387
358 388
358 393
358 395
358 397
358 398
358 401
358 403
358 405
358 410
358 419
359 326
359 338
359 349
359 352
359 358
359 360
359 362
359 363
359 365
359 366
359 370
359 371
359 372
359 374
359 376
359 377
359 380
359 381
359 383
359 384
359 394
359 396
359 397
359 398
359 399
359 401
359 403
359 410
359 411
359 413
359 416
359 418
359 421
359 424
359 440
360 291
360 344
360 354
360 355
360 357
360 359
360 360
360 361
360 362
360 363
360 364
360 367
360 370
360 373
360 376
360 377
360 379
360 383
360 385
360 386
360 387
360 388
360 390
360 391
360 392
360 396
360 400
360 402
360 403
360 405
360 411
360 424
361 342
361 347
361 350
361 359
361 360
361 363
361 367
361 369
361 370
361 372
361 373
361 375
361 377
361 379
361 382
361 383
361 385
361 389
361 390
361 391
361 393
361 394
361 395
361 396
361 400
361 404
361 414
361 418
361 436
362 330
362 346
362 348
362 351
362 354
362 355
362 356
362 357
362 361
362 366
362 367
362 368
362 375
362 379
362 381
362 383
362 385
362 387
362 389
362 390
362 392
362 394
362 399
362 400
362 401
362 403
362 406
362 425
362 426
362 429
362 431
362 438
363 287
363 331
363 351
363 352
363 356
363 358
363 361
363 366
363 368
363 371
363 372
363 379
363 380
363 381
363 382
363 383
363 385
363 388
363 389
363 391
363 393
363 398
363 402
363 409
363 415
364 296
364 332
364 347
364 353
364 355
364 358
364 363
364 366
364 367
364 370
364 371
364 372
364 373
364 375
364 376
364 377
364 382
364 384
364 387
364 388
364 391
364 392
364 393
364 395
364 396
364 400
364 401
364 402
364 403
364 405
364 406
364 407
364 409
364 411
364 419
364 422
364 439
365 323
365 327
365 336
365 345
365 348
365 350
365 352
365 354
365 356
365 359
365 362
365 368
365 369
365 370
365 372
365 377
365 378
365 380
365 381
365 382
365 384
365 388
365 390
365 391
365 393
365 394
365 395
365 396
365 397
365 398
365 399
365 401
365 402
365 404
365 406
365 409
365 411
365 419
366 325
366 326
366 335
366 337
366 338
366 351
366 352
366 353
366 355
366 357
366 359
366 360
366 362
366 365
366 367
366 373
366 374
366 375
366 376
366 378
366 379
366 380
366 381
366 383
366 385
366 386
366 388
366 391
366 392
366 396
366 397
366 402
366 408
366 409
366 412
366 413
366 415
366 417
366 419
366 423
366 430
367 333
367 335
367 339
367 350
367 351
367 360
367 363
367 365
367 366
367 370
367 373
367 374
367 381
367 382
367 384
367 385
367 387
367 390
367 392
367 397
367 398
367 401
367 403
367 405
367 407
367 408
367 411
367 420
368 342
368 347
368 348
368 352
368 353
368 358
368 360
368 361
368 362
368 368
368 369
368 371
368 372
368 374
368 377
368 378
368 379
368 384
368 386
368 387
368 388
368 389
368 390
368 393
368 395
368 398
368 402
368 406
368 409
368 415
368 434
368 448
368 453
369 325
369 345
369 346
369 353
369 358
369 362
369 364
369 367
369 369
369 371
369 374
369 375
369 376
369 378
369 380
369 383
369 393
369 396
369 397
369 399
369 401
369 403
369 408
369 410
369 412
369 413
369 415
369 418
369 421
369 427
369 430
369 439
370 317
370 338
370 350
370 353
370 355
370 358
370 362
370 364
370 365
370 367
370 369
370 372
370 375
370 378
370 379
370 385
370 387
370 389
370 390
370 394
370 397
370 401
370 403
370 404
370 407
370 408
370 423
370 429
370 430
370 441
371 351
371 355
371 361
371 365
371 368
371 369
371 370
371 375
371 376
371 380
371 382
371 383
371 385
371 386
371 387
371 388
371 390
371 395
371 399
371 400
371 404
371 405
371 410
371 414
371 444
372 329
372 332
372 344
372 349
372 353
372 356
372 358
372 359
372 365
372 375
372 378
372 379
372 380
372 382
372 387
372 389
372 391
372 402
372 405
372 408
372 409
372 413
372 414
372 415
372 417
372 420
372 435
372 438
373 330
373 344
373 346
373 348
373 352
373 354
373 355
373 358
373 359
373 362
373 365
373 368
373 370
373 371
373 372
373 374
373 380
373 382
373 383
373 385
373 386
373 389
373 391
373 395
373 399
373 400
373 402
373 403
373 405
373 408
373 412
373 419
373 430
373 437
374 338
374 342
374 346
374 361
374 363
374 364
374 365
374 366
374 368
374 369
374 373
374 374
374 383
374 384
374 387
374 389
374 391
374 392
374 402
374 406
374 407
374 408
374 412
374 414
374 418
374 420
374 424
374 427
374 428
374 430
374 432
374 433
375 336
375 339
375 343
375 355
375 358
375 365
375 368
375 371
375 372
375 373
375 374
375 376
375 378
375 379
375 380
375 381
375 387
375 389
375 390
375 394
375 396
375 397
375 400
375 403
375 405
375 408
375 409
375 412
375 417
375 418
375 421
375 437
375 455
376 343
376 348
376 354
376 357
376 361
376 365
376 366
376 367
376 372
376 376
376 377
376 381
376 384
376 385
376 387
376 389
376 393
376 394
376 397
376 398
376 400
376 402
376 403
376 404
376 405
376 406
376 411
376 425
376 429
376 432
377 321
377 345
377 350
377 352
377 354
377 355
377 356
377 357
377 358
377 359
377 360
377 364
377 365
377 366
377 369
377 371
377 372
377 374
377 375
377 376
377 377
377 378
377 380
377 381
377 382
377 383
377 385
377 395
377 397
377 400
377 402
377 406
377 407
377 408
377 410
377 411
377 423
377 425
377 430
377 456
378 327
378 346
378 348
378 356
378 359
378 367
378 368
378 369
378 371
378 373
378 377
378 378
378 379
378 383
378 384
378 386
378 387
378 390
378 393
378 394
378 396
378 398
378 400
378 405
378 406
378 414
378 416
378 417
378 418
378 422
378 424
379 313
379 344
379 350
379 351
379 355
379 357
379 359
379 361
379 365
379 367
379 369
379 370
379 372
379 374
379 375
379 377
379 379
379 380
379 381
379 385
379 391
379 392
379 394
379 401
379 402
379 404
379 405
379 406
379 408
379 409
379 413
379 421
379 424
379 446
380 330
380 333
380 347
380 352
380 355
380 360
380 362
380 365
380 366
380 369
380 370
380 371
380 372
380 373
380 376
380 377
380 378
380 380
380 381
380 383
380 389
380 392
380 397
380 401
380 403
380 404
380 419
380 422
380 423
380 431
380 432
381 317
381 323
381 324
381 340
381 346
381 359
381 365
381 366
381 367
381 368
381 373
381 375
381 377
381 379
381 383
381 384
381 388
381 389
381 390
381 391
381 394
381 395
381 396
381 400
381 402
381 404
381 406
381 407
381 411
381 420
381 421
381 427
381 431
382 336
382 356
382 359
382 360
382 365
382 369
382 370
382 371
382 372
382 373
382 374
382 377
382 378
382 382
382 383
382 384
382 385
382 386
382 389
382 392
382 394
382 395
382 397
382 401
382 405
382 411
382 412
382 428
382 431
382 435
382 454
383 315
383 328
383 329
383 340
383 343
383 345
383 347
383 353
383 356
383 357
383 365
383 372
383 383
383 388
383 392
383 394
383 396
383 403
383 404
383 413
383 419
383 422
383 424
383 430
383 443
384 336
384 342
384 343
384 345
384 350
384 351
384 368
384 372
384 376
384 382
384 383
384 385
384 386
384 387
384 390
384 392
384 394
384 395
384 396
384 398
384 401
384 406
384 409
384 410
384 417
384 419
384 426
384 428
384 432
384 433
384 436
385 355
385 356
385 357
385 358
385 359
385 360
385 367
385 370
385 371
385 375
385 377
385 381
385 382
385 387
385 390
385 392
385 398
385 401
385 403
385 405
385 406
385 410
385 416
385 419
385 421
385 423
386 337
386 338
386 341
386 345
386 352
386 357
386 360
386 366
386 369
386 371
386 375
386 377
386 379
386 381
386 382
386 391
386 392
386 396
386 397
386 398
386 399
386 400
386 417
386 421
387 340
387 356
387 364
387 366
387 368
387 373
387 377
387 379
387 381
387 382
387 385
387 389
387 393
387 394
387 404
387 406
387 410
387 415
387 416
387 419
387 426
387 430
387 436
388 345
388 348
388 350
388 354
388 356
388 362
388 363
388 366
388 368
388 375
388 380
388 381
388 385
388 387
388 389
388 396
388 403
388 407
388 414
388 415
388 418
388 419
388 421
388 427
388 431
388 438
389 330
389 335
389 342
389 344
389 353
389 358
389 362
389 365
389 367
389 370
389 383
389 386
389 387
389 391
389 393
389 397
389 398
389 399
389 400
389 404
389 409
389 411
389 417
389 431
390 333
390 342
390 351
390 370
390 378
390 379
390 382
390 383
390 384
390 387
390 391
390 396
390 403
390 407
390 411
390 412
390 415
390 419
390 425
390 437
390 458
391 339
391 354
391 356
391 357
391 363
391 364
391 366
391 370
391 372
391 385
391 392
391 394
391 398
391 401
391 403
391 413
391 415
391 417
391 438
392 331
392 338
392 342
392 348
392 354
392 360
392 363
392 365
392 368
392 372
392 373
392 374
392 377
392 379
392 381
392 389
392 391
392 392
392 394
392 397
392 400
392 403
392 405
392 406
392 409
392 415
392 421
392 423
392 434
393 340
393 346
393 350
393 355
393 359
393 365
393 368
393 378
393 381
393 390
393 392
393 404
393 410
393 411
393 414
393 421
393 429
393 451
394 339
394 349
394 359
394 361
394 366
394 376
394 378
394 384
394 394
394 396
394 405
394 409
394 412
394 427
395 342
395 357
395 360
395 362
395 365
395 366
395 372
395 376
395 380
395 384
395 385
395 387
395 391
395 392
395 398
395 399
395 400
395 402
395 403
395 405
395 409
395 412
395 415
395 427
395 431
395 438
396 354
396 357
396 359
396 369
396 370
396 374
396 387
396 388
396 390
396 397
396 402
396 407
396 414
396 427
397 339
397 364
397 368
397 383
397 391
397 393
397 396
397 400
397 411
397 412
397 413
397 415
397 419
397 421
398 335
398 362
398 372
398 375
398 379
398 381
398 382
398 386
398 393
398 394
398 395
398 396
398 398
398 400
398 406
398 414
398 415
398 420
399 356
399 359
399 361
399 377
399 385
399 400
399 402
399 408
399 411
399 417
399 419
399 421
399 432
399 435
400 334
400 361
400 363
400 364
400 365
400 375
400 376
400 380
400 382
400 385
400 388
400 404
400 409
400 422
400 425
400 437
401 354
401 379
401 383
401 386
401 394
401 399
401 401
401 402
401 407
401 431
402 361
402 370
402 404
402 407
402 412
403 348
403 357
403 370
403 372
403 374
403 375
403 376
403 381
403 384
403 388
403 404
403 417
403 424
404 352
404 355
404 362
404 366
404 369
404 372
404 375
404 376
404 382
404 388
404 411
404 426
405 357
405 363
405 377
405 386
405 397
405 417
405 418
406 352
406 355
406 357
406 368
406 379
406 382
406 392
406 402
407 346
407 361
407 376
407 385
407 388
407 397
407 400
407 410
407 415
408 349
408 354
408 355
408 357
408 366
408 382
408 383
408 384
408 398
408 409
408 428
409 360
409 363
409 379
409 395
409 405
409 422
409 427
409 428
410 359
410 374
410 377
410 383
410 384
410 386
410 427
411 359
411 360
411 386
411 392
411 395
411 399
411 416
411 418
411 435
412 379
412 382
412 383
412 403
412 416
413 369
413 383
414 352
414 383
414 385
414 397
415 375
415 382
415 389
415 390
415 433
416 352
416 354
416 369
416 375
416 405
417 357
417 367
417 393
417 396
417 398
417 409
418 374
419 348
419 369
419 380
419 405
420 348
420 386
421 367
421 395
422 379
422 386
423 394
424 372
424 430
425 385
426 358
426 382
426 392
427 378
428 416
428 420
430 372
431 400
432 382
433 360
434 363
434 383
436 377
