751
260 416
283 399
286 386
286 388
287 374
287 384
287 407
288 375
290 367
291 354
291 356
291 374
291 426
292 366
292 370
292 385
292 408
293 360
294 355
294 382
294 383
294 411
294 426
295 371
295 380
295 385
295 392
295 435
296 386
296 391
296 396
297 377
297 385
297 412
298 368
298 387
298 395
298 422
298 431
299 374
299 380
299 383
299 384
299 391
299 393
299 395
299 401
299 413
300 356
300 425
301 370
301 376
301 379
301 381
301 382
301 396
301 400
301 402
301 425
302 335
302 380
302 384
302 399
302 405
302 412
303 356
303 360
303 361
303 369
303 370
303 389
303 392
303 411
304 336
304 372
304 377
304 382
304 385
304 386
304 387
304 392
304 398
304 405
304 406
304 426
304 432
305 352
305 359
305 366
305 368
305 373
305 375
305 391
305 396
305 397
305 403
305 405
305 414
306 318
306 366
306 369
306 370
306 372
306 378
306 385
306 389
306 394
306 400
306 404
306 415
306 419
307 351
307 354
307 371
307 375
307 377
307 378
307 383
307 385
307 389
307 393
307 395
307 405
307 406
307 408
307 410
308 334
308 370
308 371
308 373
308 378
308 379
308 386
308 387
308 392
308 409
308 415
308 417
308 430
308 451
309 351
309 353
309 354
309 359
309 367
309 368
309 373
309 375
309 376
309 378
309 379
309 384
309 390
309 392
309 393
309 394
309 401
309 439
310 344
310 345
310 350
310 367
310 369
310 373
310 375
310 376
310 377
310 380
310 382
310 386
310 396
310 397
310 402
310 404
310 408
310 411
310 416
310 417
311 346
311 352
311 356
311 358
311 364
311 368
311 370
311 384
311 393
311 397
311 398
311 401
311 408
311 419
312 346
312 361
312 368
312 370
312 375
312 378
312 388
312 389
312 391
312 392
312 393
312 397
312 400
312 401
312 403
312 406
312 407
312 416
312 433
313 337
313 351
313 354
313 355
313 361
313 362
313 366
313 367
313 373
313 382
313 386
313 387
313 389
313 394
313 395
313 396
313 399
313 402
313 403
313 404
313 405
313 411
313 416
313 424
313 425
313 433
314 353
314 355
314 362
314 366
314 369
314 371
314 372
314 373
314 374
314 375
314 376
314 385
314 386
314 387
314 388
314 390
314 393
314 394
314 397
314 402
314 405
314 407
314 408
314 419
314 422
314 424
314 429
315 343
315 344
315 349
315 353
315 365
315 368
315 369
315 370
315 377
315 387
315 390
315 392
315 395
315 401
315 402
315 404
315 406
315 410
315 414
315 421
315 445
316 356
316 359
316 361
316 362
316 363
316 366
316 370
316 371
316 374
316 375
316 378
316 379
316 381
316 383
316 385
316 387
316 388
316 391
316 394
316 401
316 404
316 406
316 415
316 422
316 424
316 425
316 450
317 328
317 352
317 353
317 354
317 357
317 361
317 364
317 365
317 373
317 376
317 378
317 380
317 384
317 387
317 389
317 391
317 395
317 396
317 407
317 410
317 413
317 418
317 420
317 422
317 425
317 432
317 445
317 447
318 349
318 354
318 358
318 359
318 364
318 365
318 367
318 371
318 372
318 374
318 376
318 383
318 388
318 389
318 390
318 391
318 392
318 393
318 396
318 397
318 399
318 401
318 404
318 407
318 408
318 411
318 416
318 417
318 427
318 433
318 435
318 443
318 446
318 462
319 345
319 351
319 361
319 363
319 365
319 369
319 373
319 378
319 380
319 382
319 386
319 387
319 391
319 394
319 397
319 399
319 400
319 401
319 403
319 405
319 407
319 411
319 419
319 428
319 440
320 335
320 346
320 348
320 349
320 353
320 355
320 356
320 361
320 364
320 367
320 369
320 376
320 377
320 378
320 383
320 384
320 387
320 388
320 390
320 397
320 398
320 399
320 402
320 406
320 408
320 409
320 410
320 417
320 429
320 432
320 435
320 437
321 326
321 328
321 342
321 348
321 352
321 353
321 355
321 357
321 364
321 368
321 370
321 371
321 372
321 373
321 378
321 383
321 385
321 386
321 387
321 388
321 389
321 391
321 392
321 394
321 395
321 396
321 399
321 400
321 403
321 404
321 405
321 410
321 416
321 420
321 422
321 424
321 439
321 440
321 442
321 443
322 339
322 343
322 346
322 349
322 351
322 352
322 353
322 359
322 363
322 365
322 366
322 367
322 368
322 369
322 371
322 374
322 377
322 381
322 384
322 385
322 391
322 392
322 394
322 401
322 402
322 403
322 408
322 409
322 411
322 412
322 414
322 415
322 418
322 432
323 338
323 341
323 347
323 350
323 354
323 356
323 361
323 364
323 366
323 368
323 370
323 375
323 377
323 381
323 384
323 385
323 387
323 389
323 390
323 394
323 396
323 398
323 401
323 403
323 405
323 406
323 424
323 435
323 439
323 450
323 456
324 332
324 333
324 351
324 361
324 363
324 365
324 366
324 368
324 369
324 370
324 371
324 373
324 375
324 381
324 384
324 385
324 387
324 388
324 390
324 392
324 393
324 395
324 396
324 397
324 398
324 399
324 400
324 402
324 403
324 405
324 406
324 408
324 409
324 410
324 411
324 413
324 428
324 429
324 430
324 443
325 339
325 348
325 356
325 359
325 360
325 362
325 363
325 365
325 367
325 368
325 370
325 372
325 374
325 375
325 377
325 378
325 380
325 381
325 382
325 383
325 385
325 389
325 393
325 396
325 397
325 399
325 405
325 408
325 414
325 415
325 421
325 423
325 425
325 426
325 428
325 430
325 439
325 441
326 323
326 328
326 331
326 338
326 343
326 344
326 345
326 347
326 351
326 353
326 355
326 357
326 358
326 360
326 361
326 363
326 364
326 365
326 370
326 373
326 375
326 376
326 377
326 378
326 379
326 380
326 382
326 385
326 387
326 388
326 390
326 392
326 395
326 396
326 399
326 400
326 402
326 403
326 406
326 411
326 413
326 414
326 416
326 419
326 423
326 425
326 434
326 437
326 440
326 445
326 448
327 326
327 330
327 337
327 338
327 347
327 349
327 353
327 355
327 357
327 361
327 364
327 365
327 367
327 371
327 373
327 375
327 376
327 378
327 379
327 381
327 382
327 383
327 388
327 389
327 390
327 391
327 392
327 393
327 397
327 399
327 401
327 403
327 405
327 406
327 412
327 413
327 415
327 419
327 423
327 425
327 427
327 432
327 440
327 442
327 456
328 315
328 335
328 339
328 345
328 348
328 351
328 352
328 355
328 360
328 362
328 363
328 366
328 370
328 373
328 374
328 376
328 377
328 378
328 379
328 381
328 386
328 387
328 389
328 391
328 393
328 394
328 395
328 396
328 399
328 400
328 401
328 402
328 403
328 404
328 405
328 407
328 409
328 410
328 412
328 413
328 414
328 422
328 428
328 439
328 464
329 331
329 333
329 348
329 349
329 351
329 354
329 355
329 358
329 360
329 363
329 366
329 367
329 370
329 372
329 373
329 375
329 377
329 379
329 380
329 383
329 384
329 385
329 386
329 387
329 388
329 389
329 391
329 392
329 394
329 395
329 397
329 400
329 402
329 403
329 406
329 407
329 409
329 411
329 412
329 413
329 414
329 416
329 418
329 421
329 422
329 423
329 437
329 443
330 314
330 334
330 335
330 336
330 337
330 340
330 341
330 342
330 344
330 347
330 349
330 353
330 354
330 355
330 357
330 359
330 360
330 363
330 366
330 369
330 370
330 372
330 373
330 375
330 376
330 377
330 378
330 380
330 381
330 383
330 385
330 387
330 388
330 390
330 391
330 392
330 393
330 394
330 397
330 398
330 399
330 403
330 405
330 406
330 410
330 411
330 416
330 417
330 419
330 425
330 454
331 309
331 329
331 334
331 342
331 345
331 348
331 349
331 351
331 352
331 353
331 354
331 356
331 358
331 360
331 361
331 362
331 363
331 364
331 367
331 368
331 371
331 372
331 374
331 379
331 380
331 381
331 383
331 384
331 386
331 388
331 390
331 391
331 394
331 395
331 398
331 400
331 401
331 406
331 409
331 411
331 412
331 413
331 414
331 417
331 418
331 419
331 425
331 426
331 429
331 431
331 432
331 433
331 434
331 442
331 444
331 450
331 474
332 323
332 326
332 331
332 335
332 340
332 343
332 345
332 348
332 352
332 354
332 355
332 356
332 358
332 361
332 362
332 365
332 366
332 367
332 368
332 369
332 370
332 371
332 373
332 375
332 376
332 377
332 379
332 380
332 382
332 384
332 385
332 387
332 388
332 390
332 391
332 394
332 395
332 396
332 397
332 398
332 403
332 407
332 409
332 410
332 411
332 414
332 417
332 420
332 421
332 422
332 425
332 428
332 431
332 437
332 439
332 442
332 468
333 324
333 336
333 341
333 346
333 347
333 350
333 351
333 353
333 359
333 360
333 362
333 364
333 367
333 371
333 373
333 374
333 376
333 377
333 379
333 380
333 383
333 384
333 386
333 388
333 390
333 391
333 393
333 394
333 396
333 397
333 398
333 400
333 401
333 403
333 405
333 406
333 410
333 411
333 413
333 414
333 416
333 419
333 420
333 421
333 437
333 438
333 472
334 329
334 331
334 340
334 346
334 352
334 354
334 355
334 356
334 358
334 359
334 360
334 361
334 364
334 365
334 366
334 367
334 369
334 370
334 372
334 373
334 374
334 377
334 380
334 382
334 383
334 384
334 385
334 386
334 387
334 388
334 391
334 392
334 394
334 395
334 396
334 399
334 400
334 402
334 406
334 407
334 408
334 411
334 412
334 415
334 416
334 417
334 419
334 424
334 425
334 428
334 431
334 434
334 436
334 441
334 448
334 466
335 336
335 339
335 341
335 342
335 344
335 345
335 346
335 347
335 348
335 350
335 352
335 353
335 355
335 357
335 358
335 359
335 361
335 362
335 364
335 369
335 371
335 373
335 374
335 375
335 376
335 377
335 379
335 381
335 382
335 384
335 385
335 386
335 387
335 388
335 390
335 391
335 392
335 393
335 395
335 397
335 398
335 400
335 401
335 402
335 403
335 404
335 407
335 409
335 413
335 414
335 417
335 418
335 419
335 426
335 432
335 433
335 442
335 472
336 323
336 329
336 331
336 333
336 335
336 336
336 341
336 343
336 344
336 345
336 346
336 348
336 349
336 350
336 352
336 353
336 358
336 359
336 360
336 361
336 362
336 364
336 365
336 366
336 368
336 370
336 371
336 374
336 376
336 377
336 378
336 380
336 381
336 382
336 384
336 387
336 388
336 389
336 390
336 393
336 394
336 395
336 396
336 397
336 400
336 402
336 403
336 405
336 406
336 408
336 409
336 410
336 412
336 413
336 414
336 418
336 420
336 424
336 425
336 426
336 430
336 440
337 331
337 340
337 343
337 345
337 346
337 353
337 354
337 355
337 356
337 357
337 361
337 363
337 364
337 366
337 368
337 369
337 370
337 371
337 372
337 376
337 377
337 378
337 380
337 381
337 382
337 383
337 384
337 386
337 389
337 390
337 391
337 392
337 393
337 394
337 395
337 396
337 397
337 398
337 399
337 400
337 401
337 402
337 403
337 406
337 408
337 409
337 411
337 418
337 422
337 425
337 426
337 432
337 436
337 437
337 463
338 341
338 342
338 345
338 348
338 349
338 352
338 355
338 357
338 358
338 359
338 360
338 361
338 363
338 364
338 365
338 367
338 368
338 371
338 372
338 373
338 374
338 375
338 376
338 377
338 378
338 379
338 381
338 382
338 383
338 384
338 385
338 387
338 388
338 389
338 390
338 393
338 394
338 396
338 397
338 398
338 399
338 401
338 402
338 404
338 407
338 408
338 409
338 410
338 415
338 420
338 423
338 425
338 426
338 427
338 428
338 452
339 318
339 327
339 332
339 334
339 340
339 341
339 342
339 343
339 344
339 345
339 346
339 348
339 350
339 352
339 353
339 354
339 355
339 357
339 359
339 361
339 363
339 364
339 365
339 366
339 367
339 368
339 369
339 370
339 371
339 372
339 373
339 374
339 375
339 376
339 378
339 379
339 380
339 382
339 383
339 384
339 385
339 387
339 388
339 390
339 391
339 392
339 393
339 394
339 395
339 396
339 397
339 398
339 399
339 400
339 402
339 403
339 414
339 416
339 417
339 442
339 448
339 449
339 477
340 318
340 334
340 346
340 347
340 350
340 352
340 353
340 355
340 356
340 358
340 359
340 360
340 361
340 367
340 368
340 371
340 373
340 375
340 377
340 378
340 379
340 380
340 382
340 383
340 385
340 386
340 388
340 389
340 391
340 392
340 393
340 394
340 395
340 396
340 397
340 398
340 399
340 400
340 402
340 403
340 405
340 406
340 407
340 408
340 411
340 412
340 413
340 415
340 416
340 419
340 420
340 423
340 432
340 437
340 439
341 335
341 338
341 339
341 341
341 343
341 344
341 350
341 351
341 352
341 353
341 356
341 359
341 361
341 362
341 364
341 366
341 367
341 368
341 369
341 370
341 372
341 373
341 374
341 375
341 376
341 378
341 379
341 380
341 382
341 383
341 385
341 387
341 390
341 391
341 392
341 394
341 397
341 398
341 399
341 400
341 402
341 403
341 405
341 407
341 412
341 413
341 417
341 418
341 420
341 422
341 424
341 428
341 429
341 432
341 443
341 450
341 454
341 469
342 321
342 331
342 333
342 336
342 338
342 341
342 349
342 352
342 353
342 356
342 358
342 359
342 360
342 362
342 363
342 365
342 368
342 371
342 372
342 374
342 375
342 380
342 381
342 383
342 384
342 385
342 386
342 387
342 388
342 389
342 390
342 392
342 393
342 394
342 396
342 397
342 398
342 399
342 400
342 402
342 405
342 410
342 411
342 413
342 415
342 416
342 417
342 418
342 424
342 425
342 436
342 445
342 446
342 458
343 335
343 337
343 345
343 346
343 347
343 350
343 353
343 356
343 357
343 358
343 359
343 362
343 363
343 366
343 367
343 368
343 369
343 370
343 372
343 373
343 374
343 375
343 376
343 377
343 378
343 379
343 381
343 382
343 383
343 384
343 385
343 387
343 389
343 390
343 391
343 392
343 394
343 395
343 396
343 397
343 399
343 400
343 401
343 402
343 403
343 405
343 407
343 410
343 411
343 413
343 414
343 418
343 419
343 422
343 423
343 427
343 428
343 430
343 435
343 444
343 447
343 473
344 336
344 343
344 350
344 352
344 353
344 355
344 357
344 358
344 360
344 361
344 362
344 363
344 364
344 365
344 366
344 368
344 370
344 372
344 373
344 374
344 376
344 377
344 379
344 381
344 382
344 383
344 384
344 387
344 389
344 390
344 391
344 395
344 396
344 397
344 398
344 399
344 401
344 403
344 405
344 408
344 416
344 421
344 422
344 424
344 434
344 436
344 440
344 456
344 476
345 325
345 332
345 336
345 347
345 350
345 355
345 357
345 358
345 359
345 361
345 362
345 363
345 364
345 365
345 366
345 368
345 370
345 371
345 375
345 376
345 378
345 379
345 380
345 381
345 382
345 383
345 384
345 385
345 386
345 387
345 388
345 389
345 391
345 392
345 393
345 394
345 395
345 396
345 397
345 398
345 400
345 401
345 403
345 404
345 407
345 408
345 409
345 410
345 411
345 412
345 414
345 415
345 419
345 421
345 423
345 424
345 427
345 429
345 431
345 439
345 444
345 448
345 466
346 313
346 328
346 336
346 337
346 339
346 341
346 344
346 346
346 350
346 351
346 352
346 353
346 357
346 358
346 360
346 361
346 362
346 364
346 365
346 366
346 368
346 370
346 371
346 372
346 373
346 375
346 377
346 382
346 384
346 386
346 389
346 390
346 391
346 392
346 394
346 395
346 396
346 398
346 400
346 402
346 404
346 405
346 406
346 407
346 409
346 412
346 414
346 419
346 422
346 425
346 434
346 439
346 440
346 444
347 314
347 327
347 329
347 333
347 339
347 342
347 345
347 351
347 354
347 355
347 356
347 357
347 359
347 360
347 362
347 364
347 365
347 366
347 368
347 370
347 371
347 373
347 374
347 375
347 376
347 377
347 378
347 379
347 380
347 381
347 382
347 383
347 385
347 386
347 387
347 388
347 389
347 391
347 392
347 393
347 394
347 397
347 398
347 399
347 400
347 402
347 403
347 406
347 410
347 411
347 413
347 414
347 416
347 417
347 418
347 420
347 425
347 429
347 431
347 433
347 435
347 478
348 330
348 337
348 343
348 348
348 349
348 350
348 352
348 354
348 357
348 361
348 362
348 363
348 364
348 367
348 368
348 369
348 370
348 371
348 372
348 373
348 374
348 375
348 376
348 379
348 380
348 381
348 383
348 385
348 386
348 388
348 389
348 390
348 391
348 393
348 394
348 396
348 397
348 398
348 399
348 400
348 402
348 404
348 405
348 406
348 407
348 408
348 409
348 414
348 420
348 431
348 443
349 332
349 338
349 340
349 342
349 344
349 346
349 347
349 348
349 351
349 354
349 356
349 358
349 359
349 360
349 361
349 362
349 364
349 365
349 366
349 367
349 368
349 369
349 371
349 373
349 376
349 377
349 378
349 379
349 380
349 381
349 382
349 383
349 385
349 386
349 387
349 388
349 389
349 390
349 391
349 394
349 395
349 396
349 397
349 398
349 399
349 402
349 406
349 408
349 409
349 411
349 412
349 417
349 420
349 421
349 425
349 426
349 428
349 430
349 431
349 434
349 441
350 338
350 340
350 341
350 343
350 345
350 346
350 348
350 349
350 350
350 351
350 353
350 357
350 359
350 361
350 362
350 364
350 367
350 368
350 370
350 371
350 372
350 373
350 374
350 375
350 377
350 378
350 379
350 380
350 381
350 382
350 383
350 384
350 385
350 386
350 387
350 388
350 391
350 392
350 393
350 394
350 395
350 397
350 399
350 401
350 402
350 403
350 404
350 405
350 406
350 409
350 410
350 412
350 413
350 414
350 415
350 416
350 418
350 422
350 423
350 424
350 427
350 436
350 444
350 456
350 478
351 320
351 325
351 327
351 331
351 333
351 336
351 344
351 348
351 351
351 354
351 356
351 357
351 358
351 359
351 364
351 366
351 367
351 369
351 370
351 371
351 372
351 374
351 375
351 376
351 377
351 383
351 385
351 386
351 387
351 388
351 389
351 391
351 392
351 393
351 394
351 395
351 396
351 397
351 400
351 401
351 403
351 404
351 406
351 407
351 411
351 416
351 419
351 420
351 421
351 422
351 427
351 430
351 432
351 449
351 456
352 328
352 340
352 341
352 342
352 344
352 345
352 346
352 347
352 350
352 351
352 352
352 354
352 356
352 357
352 358
352 359
352 361
352 364
352 365
352 366
352 367
352 368
352 369
352 371
352 374
352 375
352 376
352 377
352 378
352 379
352 380
352 381
352 382
352 383
352 384
352 385
352 386
352 387
352 389
352 390
352 393
352 394
352 395
352 396
352 397
352 399
352 400
352 401
352 402
352 404
352 405
352 406
352 407
352 408
352 412
352 414
352 415
352 416
352 422
352 423
352 427
352 428
352 429
352 430
352 431
352 432
352 433
352 439
353 323
353 338
353 342
353 344
353 345
353 349
353 354
353 355
353 356
353 358
353 359
353 362
353 363
353 364
353 365
353 367
353 369
353 370
353 371
353 372
353 373
353 374
353 375
353 376
353 377
353 379
353 380
353 381
353 382
353 383
353 385
353 386
353 388
353 389
353 390
353 391
353 392
353 393
353 394
353 395
353 397
353 398
353 399
353 402
353 403
353 405
353 406
353 415
353 417
353 420
353 425
353 429
353 437
354 342
354 346
354 347
354 351
354 353
354 354
354 356
354 357
354 359
354 360
354 361
354 362
354 363
354 366
354 367
354 368
354 369
354 370
354 373
354 374
354 375
354 376
354 377
354 379
354 380
354 381
354 383
354 384
354 385
354 386
354 387
354 388
354 390
354 391
354 392
354 393
354 394
354 395
354 396
354 397
354 398
354 401
354 402
354 403
354 404
354 405
354 407
354 409
354 410
354 414
354 415
354 416
354 426
354 429
354 433
354 447
355 335
355 341
355 342
355 343
355 346
355 347
355 348
355 350
355 352
355 353
355 354
355 356
355 357
355 360
355 362
355 363
355 365
355 366
355 367
355 368
355 370
355 371
355 372
355 374
355 375
355 377
355 378
355 379
355 380
355 381
355 382
355 383
355 384
355 385
355 387
355 388
355 389
355 390
355 391
355 394
355 397
355 398
355 399
355 400
355 402
355 404
355 405
355 406
355 408
355 410
355 411
355 412
355 413
355 414
355 415
355 417
355 418
355 420
355 422
355 423
355 424
355 425
355 427
355 430
355 456
356 315
356 336
356 338
356 341
356 344
356 345
356 348
356 350
356 351
356 356
356 357
356 359
356 360
356 361
356 362
356 363
356 365
356 367
356 369
356 372
356 374
356 376
356 379
356 380
356 381
356 382
356 383
356 384
356 386
356 387
356 388
356 389
356 390
356 391
356 392
356 393
356 394
356 395
356 396
356 397
356 398
356 400
356 402
356 406
356 407
356 408
356 409
356 411
356 413
356 414
356 415
356 418
356 419
356 422
356 424
356 425
356 429
356 430
356 434
356 439
356 447
357 310
357 325
357 332
357 335
357 342
357 344
357 345
357 346
357 348
357 351
357 352
357 353
357 354
357 355
357 358
357 359
357 360
357 362
357 364
357 365
357 368
357 369
357 370
357 371
357 372
357 373
357 374
357 375
357 376
357 377
357 378
357 380
357 381
357 383
357 384
357 385
357 388
357 389
357 391
357 392
357 394
357 396
357 397
357 398
357 399
357 400
357 401
357 403
357 404
357 405
357 407
357 408
357 409
357 411
357 416
357 418
357 422
357 432
357 444
357 446
358 329
358 336
358 337
358 344
358 347
358 349
358 353
358 354
358 359
358 361
358 362
358 364
358 365
358 366
358 369
358 370
358 372
358 373
358 375
358 376
358 378
358 379
358 381
358 382
358 383
358 384
358 385
358 386
358 388
358 389
358 391
358 393
358 395
358 396
358 397
358 398
358 399
358 401
358 402
358 403
358 406
358 407
358 408
358 409
358 412
358 414
358 418
358 419
358 425
358 426
358 448
358 453
358 472
358 475
359 323
359 325
359 340
359 345
359 348
359 350
359 351
359 352
359 353
359 354
359 355
359 356
359 357
359 358
359 359
359 360
359 363
359 366
359 371
359 372
359 373
359 375
359 376
359 378
359 380
359 381
359 384
359 385
359 386
359 387
359 388
359 390
359 391
359 393
359 394
359 395
359 396
359 397
359 398
359 399
359 400
359 401
359 402
359 403
359 404
359 405
359 407
359 409
359 411
359 412
359 414
359 415
359 416
359 460
359 461
360 293
360 323
360 326
360 332
360 337
360 339
360 340
360 344
360 347
360 348
360 349
360 354
360 355
360 356
360 357
360 358
360 362
360 363
360 364
360 365
360 367
360 368
360 371
360 372
360 373
360 374
360 375
360 376
360 377
360 378
360 379
360 380
360 381
360 382
360 383
360 384
360 385
360 387
360 388
360 389
360 390
360 391
360 392
360 393
360 394
360 395
360 396
360 397
360 398
360 399
360 400
360 401
360 402
360 403
360 404
360 405
360 406
360 407
360 409
360 412
360 413
360 415
360 418
360 422
360 424
360 430
360 431
360 434
360 435
360 437
360 443
360 450
361 325
361 331
361 342
361 344
361 345
361 346
361 347
361 348
361 349
361 351
361 352
361 353
361 354
361 358
361 359
361 360
361 362
361 363
361 364
361 366
361 367
361 368
361 369
361 370
361 372
361 374
361 375
361 376
361 377
361 378
361 379
361 381
361 382
361 384
361 386
361 387
361 389
361 393
361 394
361 395
361 396
361 397
361 399
361 400
361 401
361 403
361 404
361 405
361 407
361 408
361 409
361 410
361 411
361 412
361 414
361 415
361 416
361 417
361 420
361 424
361 437
361 438
361 440
361 442
362 295
362 331
362 332
362 341
362 342
362 343
362 346
362 348
362 351
362 352
362 353
362 354
362 355
362 358
362 359
362 360
362 361
362 364
362 365
362 366
362 368
362 369
362 371
362 372
362 373
362 374
362 375
362 376
362 377
362 378
362 379
362 380
362 381
362 382
362 384
362 385
362 388
362 389
362 390
362 391
362 392
362 393
362 395
362 397
362 400
362 401
362 402
362 403
362 405
362 406
362 407
362 409
362 416
362 417
362 418
362 419
362 420
362 421
362 423
362 424
362 425
362 426
362 433
362 438
363 335
363 338
363 339
363 345
363 346
363 348
363 351
363 352
363 353
363 354
363 357
363 358
363 360
363 361
363 362
363 363
363 364
363 366
363 368
363 369
363 370
363 371
363 372
363 373
363 375
363 376
363 377
363 378
363 379
363 380
363 381
363 383
363 384
363 385
363 386
363 387
363 388
363 390
363 391
363 392
363 393
363 394
363 395
363 396
363 397
363 398
363 399
363 400
363 401
363 403
363 404
363 405
363 406
363 407
363 408
363 409
363 411
363 412
363 414
363 416
363 417
363 420
363 423
363 424
363 425
363 428
363 429
363 432
363 450
363 452
364 328
364 333
364 337
364 338
364 342
364 343
364 344
364 349
364 351
364 353
364 356
364 357
364 360
364 362
364 366
364 367
364 368
364 369
364 370
364 371
364 373
364 374
364 375
364 377
364 379
364 383
364 385
364 387
364 388
364 390
364 392
364 394
364 395
364 397
364 398
364 399
364 401
364 402
364 403
364 404
364 406
364 408
364 409
364 410
364 412
364 424
364 426
364 430
364 433
364 439
364 443
364 445
365 286
365 338
365 339
365 345
365 346
365 348
365 350
365 351
365 352
365 354
365 355
365 356
365 359
365 361
365 364
365 366
365 367
365 369
365 370
365 372
365 373
365 375
365 376
365 377
365 378
365 379
365 380
365 381
365 382
365 383
365 384
365 385
365 386
365 387
365 388
365 389
365 390
365 392
365 393
365 394
365 395
365 397
365 398
365 399
365 400
365 401
365 404
365 405
365 406
365 407
365 408
365 410
365 412
365 413
365 415
365 416
365 417
365 418
365 419
365 421
365 422
365 445
366 288
366 336
366 339
366 342
366 343
366 344
366 351
366 352
366 357
366 360
366 362
366 364
366 365
366 367
366 368
366 369
366 370
366 372
366 373
366 374
366 376
366 377
366 378
366 380
366 381
366 382
366 384
366 385
366 387
366 389
366 390
366 391
366 392
366 394
366 395
366 397
366 402
366 404
366 405
366 406
366 408
366 410
366 412
366 415
366 416
366 417
366 419
366 426
366 427
366 428
366 458
367 331
367 335
367 336
367 341
367 342
367 343
367 346
367 351
367 354
367 355
367 357
367 358
367 361
367 362
367 365
367 366
367 367
367 369
367 371
367 372
367 373
367 374
367 375
367 377
367 378
367 380
367 381
367 382
367 384
367 385
367 386
367 387
367 388
367 389
367 390
367 391
367 392
367 394
367 395
367 397
367 399
367 400
367 401
367 402
367 403
367 405
367 407
367 408
367 410
367 411
367 412
367 413
367 415
367 419
367 420
367 422
367 429
367 430
367 432
367 439
368 311
368 323
368 329
368 338
368 339
368 344
368 346
368 347
368 348
368 354
368 355
368 357
368 359
368 361
368 362
368 363
368 364
368 366
368 367
368 369
368 370
368 372
368 373
368 375
368 376
368 377
368 379
368 380
368 382
368 384
368 385
368 387
368 388
368 390
368 391
368 392
368 394
368 395
368 398
368 399
368 402
368 403
368 404
368 405
368 406
368 408
368 411
368 413
368 415
368 417
368 418
368 421
368 423
368 432
368 438
369 297
369 313
369 324
369 340
369 345
369 346
369 348
369 351
369 355
369 357
369 358
369 359
369 360
369 361
369 365
369 366
369 368
369 369
369 370
369 372
369 374
369 377
369 379
369 381
369 382
369 383
369 384
369 385
369 386
369 387
369 388
369 389
369 390
369 391
369 393
369 394
369 397
369 398
369 399
369 401
369 402
369 403
369 404
369 406
369 407
369 408
369 411
369 414
369 415
369 417
369 419
369 421
369 426
369 428
369 429
369 430
369 435
369 441
370 285
370 328
370 340
370 341
370 344
370 345
370 347
370 349
370 350
370 354
370 355
370 357
370 359
370 360
370 361
370 362
370 363
370 364
370 365
370 366
370 367
370 368
370 370
370 372
370 373
370 375
370 376
370 377
370 381
370 382
370 383
370 385
370 387
370 388
370 390
370 391
370 393
370 394
370 395
370 396
370 399
370 401
370 402
370 403
370 404
370 406
370 407
370 408
370 410
370 411
370 412
370 415
370 417
370 423
370 424
370 427
370 431
370 434
370 441
370 450
370 451
371 325
371 330
371 343
371 344
371 347
371 350
371 353
371 354
371 355
371 357
371 358
371 359
371 360
371 362
371 363
371 364
371 365
371 367
371 368
371 371
371 372
371 373
371 374
371 377
371 378
371 379
371 380
371 381
371 383
371 384
371 385
371 386
371 387
371 388
371 389
371 390
371 391
371 392
371 393
371 394
371 396
371 397
371 398
371 400
371 401
371 402
371 404
371 406
371 409
371 410
371 411
371 413
371 414
371 416
371 419
371 420
371 426
371 427
371 429
371 430
372 314
372 321
372 327
372 333
372 345
372 347
372 350
372 353
372 356
372 358
372 360
372 361
372 363
372 364
372 366
372 367
372 368
372 369
372 370
372 372
372 374
372 375
372 376
372 377
372 378
372 379
372 381
372 382
372 384
372 385
372 386
372 387
372 388
372 390
372 391
372 394
372 395
372 396
372 397
372 398
372 399
372 400
372 401
372 403
372 404
372 405
372 406
372 407
372 409
372 410
372 411
372 413
372 414
372 415
372 417
372 418
372 420
372 421
372 422
372 437
372 444
373 295
373 339
373 340
373 342
373 344
373 345
373 347
373 348
373 349
373 351
373 353
373 355
373 356
373 358
373 361
373 363
373 365
373 366
373 369
373 370
373 371
373 373
373 374
373 376
373 377
373 379
373 380
373 381
373 382
373 383
373 384
373 385
373 388
373 389
373 390
373 391
373 392
373 393
373 396
373 397
373 398
373 399
373 402
373 403
373 407
373 410
373 411
373 412
373 418
373 423
373 432
373 436
373 437
373 439
373 441
374 288
374 326
374 339
374 341
374 343
374 351
374 353
374 355
374 358
374 359
374 361
374 363
374 364
374 365
374 366
374 367
374 369
374 370
374 371
374 372
374 374
374 375
374 378
374 379
374 380
374 381
374 382
374 383
374 384
374 385
374 386
374 387
374 388
374 389
374 391
374 393
374 394
374 395
374 396
374 398
374 399
374 400
374 401
374 402
374 404
374 405
374 406
374 407
374 408
374 409
374 410
374 413
374 415
374 417
374 420
374 423
374 425
374 429
374 430
374 434
374 436
374 438
374 440
374 443
374 448
375 342
375 347
375 348
375 349
375 350
375 353
375 355
375 356
375 359
375 363
375 365
375 367
375 368
375 369
375 370
375 372
375 375
375 376
375 377
375 378
375 379
375 380
375 382
375 383
375 385
375 386
375 387
375 388
375 389
375 390
375 391
375 392
375 393
375 394
375 395
375 397
375 400
375 402
375 403
375 405
375 407
375 410
375 411
375 412
375 413
375 414
375 418
375 419
375 421
375 422
375 427
375 431
375 432
375 443
375 445
376 301
376 335
376 336
376 343
376 348
376 350
376 352
376 353
376 355
376 356
376 357
376 358
376 360
376 363
376 364
376 365
376 368
376 372
376 375
376 378
376 379
376 381
376 383
376 384
376 385
376 387
376 389
376 390
376 392
376 393
376 394
376 396
376 397
376 398
376 399
376 402
376 403
376 404
376 405
376 406
376 407
376 409
376 412
376 417
376 419
376 423
376 424
376 426
376 430
376 432
376 434
376 441
376 456
377 327
377 333
377 337
377 339
377 344
377 346
377 348
377 349
377 350
377 352
377 353
377 354
377 356
377 357
377 359
377 360
377 361
377 363
377 364
377 365
377 366
377 367
377 368
377 369
377 370
377 371
377 372
377 374
377 375
377 376
377 377
377 378
377 379
377 380
377 381
377 384
377 385
377 386
377 387
377 389
377 390
377 391
377 394
377 395
377 398
377 399
377 401
377 403
377 405
377 407
377 408
377 410
377 414
377 415
377 416
377 419
377 422
377 426
377 428
377 429
377 430
377 435
377 438
377 440
378 311
378 333
378 335
378 336
378 341
378 343
378 346
378 350
378 351
378 353
378 354
378 355
378 356
378 357
378 360
378 361
378 363
378 366
378 368
378 369
378 371
378 372
378 373
378 375
378 376
378 377
378 378
378 379
378 380
378 382
378 385
378 386
378 387
378 388
378 389
378 390
378 391
378 392
378 393
378 395
378 396
378 398
378 399
378 400
378 401
378 402
378 404
378 405
378 407
378 409
378 412
378 417
378 418
378 421
378 422
378 423
378 429
378 436
378 448
379 314
379 322
379 327
379 335
379 336
379 339
379 345
379 346
379 348
379 349
379 355
379 357
379 358
379 359
379 360
379 361
379 362
379 363
379 365
379 366
379 367
379 368
379 370
379 371
379 372
379 373
379 374
379 376
379 378
379 379
379 380
379 382
379 385
379 387
379 389
379 390
379 391
379 393
379 394
379 395
379 396
379 397
379 398
379 399
379 401
379 403
379 405
379 406
379 409
379 411
379 412
379 414
379 416
379 418
379 420
379 422
379 425
379 428
379 429
379 434
379 448
379 457
380 335
380 337
380 342
380 343
380 346
380 348
380 349
380 350
380 355
380 356
380 357
380 358
380 359
380 366
380 367
380 369
380 371
380 372
380 374
380 375
380 376
380 377
380 378
380 379
380 380
380 381
380 382
380 383
380 385
380 386
380 387
380 389
380 390
380 392
380 393
380 394
380 395
380 397
380 400
380 403
380 404
380 406
380 409
380 410
380 412
380 413
380 415
380 416
380 418
380 420
380 421
380 425
380 435
380 439
380 441
380 450
380 454
381 276
381 337
381 341
381 345
381 346
381 347
381 350
381 351
381 352
381 354
381 357
381 358
381 360
381 361
381 362
381 363
381 365
381 367
381 368
381 369
381 371
381 372
381 373
381 374
381 376
381 377
381 378
381 380
381 382
381 383
381 384
381 385
381 386
381 387
381 388
381 391
381 392
381 393
381 395
381 396
381 397
381 398
381 399
381 400
381 401
381 403
381 404
381 406
381 407
381 410
381 415
381 416
381 421
381 427
381 428
381 429
381 435
381 443
382 322
382 329
382 330
382 338
382 341
382 343
382 344
382 345
382 348
382 349
382 353
382 355
382 357
382 359
382 362
382 363
382 364
382 365
382 368
382 369
382 370
382 372
382 373
382 375
382 377
382 378
382 379
382 380
382 381
382 383
382 384
382 385
382 386
382 387
382 388
382 389
382 390
382 391
382 393
382 394
382 395
382 398
382 400
382 402
382 403
382 409
382 410
382 412
382 430
382 431
382 438
383 314
383 322
383 332
383 339
383 342
383 343
383 347
383 349
383 350
383 351
383 354
383 357
383 358
383 360
383 361
383 362
383 364
383 365
383 366
383 367
383 370
383 372
383 373
383 374
383 375
383 376
383 377
383 378
383 379
383 380
383 381
383 383
383 385
383 387
383 389
383 390
383 392
383 393
383 394
383 395
383 396
383 397
383 398
383 400
383 401
383 402
383 403
383 404
383 407
383 409
383 411
383 412
383 413
383 414
383 415
383 417
383 422
383 426
383 427
383 430
383 432
384 315
384 331
384 334
384 337
384 341
384 344
384 346
384 347
384 348
384 350
384 351
384 352
384 354
384 355
384 356
384 357
384 358
384 360
384 361
384 364
384 366
384 367
384 368
384 372
384 374
384 376
384 377
384 379
384 380
384 381
384 382
384 383
384 384
384 385
384 386
384 387
384 388
384 390
384 391
384 393
384 398
384 399
384 400
384 401
384 402
384 404
384 405
384 406
384 407
384 408
384 410
384 415
384 420
384 421
384 422
384 431
384 434
384 446
385 331
385 339
385 342
385 344
385 345
385 346
385 350
385 351
385 352
385 354
385 356
385 357
385 358
385 361
385 363
385 365
385 369
385 370
385 371
385 372
385 373
385 374
385 376
385 377
385 378
385 379
385 381
385 382
385 383
385 384
385 387
385 389
385 390
385 391
385 392
385 393
385 394
385 395
385 396
385 398
385 400
385 402
385 406
385 408
385 410
385 411
385 415
385 417
385 419
385 427
385 436
385 438
385 440
385 442
385 462
386 321
386 334
386 337
386 339
386 342
386 344
386 345
386 346
386 349
386 352
386 354
386 355
386 358
386 359
386 360
386 361
386 362
386 366
386 369
386 372
386 374
386 375
386 376
386 378
386 380
386 381
386 382
386 383
386 384
386 385
386 386
386 387
386 389
386 390
386 392
386 393
386 394
386 398
386 399
386 400
386 408
386 409
386 412
386 413
386 419
386 421
386 422
386 424
386 427
386 432
386 434
386 435
386 436
386 441
386 460
387 319
387 336
387 343
387 346
387 350
387 352
387 356
387 357
387 358
387 360
387 362
387 364
387 365
387 366
387 367
387 368
387 370
387 372
387 374
387 375
387 376
387 377
387 378
387 379
387 380
387 381
387 382
387 383
387 384
387 386
387 387
387 388
387 389
387 390
387 391
387 393
387 396
387 398
387 400
387 401
387 402
387 403
387 405
387 408
387 416
387 418
387 422
387 425
387 427
387 431
387 434
387 438
387 442
387 448
387 452
388 309
388 310
388 328
388 338
388 340
388 341
388 345
388 347
388 350
388 352
388 353
388 354
388 356
388 357
388 358
388 360
388 363
388 366
388 367
388 368
388 369
388 370
388 372
388 374
388 376
388 378
388 380
388 381
388 382
388 383
388 385
388 386
388 390
388 391
388 393
388 394
388 395
388 399
388 400
388 402
388 403
388 404
388 406
388 410
388 412
388 415
388 418
388 419
388 420
388 422
388 423
388 425
388 426
388 428
388 433
388 435
388 437
388 452
388 462
389 328
389 333
389 335
389 337
389 342
389 349
389 352
389 354
389 358
389 359
389 360
389 362
389 363
389 367
389 368
389 369
389 372
389 373
389 374
389 375
389 376
389 377
389 378
389 379
389 380
389 382
389 386
389 388
389 389
389 393
389 394
389 397
389 398
389 399
389 402
389 404
389 405
389 406
389 407
389 413
389 417
389 418
389 421
389 424
389 425
389 429
389 430
389 444
389 462
390 312
390 323
390 346
390 347
390 350
390 353
390 354
390 355
390 357
390 359
390 360
390 363
390 368
390 369
390 374
390 375
390 379
390 380
390 382
390 383
390 386
390 391
390 392
390 393
390 394
390 396
390 398
390 400
390 402
390 404
390 409
390 411
390 412
390 413
390 414
390 423
390 425
390 427
390 428
390 431
390 433
390 443
391 315
391 334
391 336
391 337
391 348
391 354
391 356
391 358
391 360
391 362
391 363
391 366
391 367
391 368
391 369
391 370
391 371
391 372
391 373
391 374
391 376
391 377
391 378
391 381
391 382
391 383
391 385
391 386
391 387
391 388
391 389
391 391
391 392
391 393
391 394
391 395
391 397
391 402
391 404
391 406
391 409
391 415
391 418
391 419
391 425
391 428
391 441
391 446
392 329
392 337
392 338
392 346
392 350
392 351
392 352
392 353
392 354
392 359
392 360
392 361
392 364
392 365
392 366
392 368
392 372
392 373
392 374
392 375
392 377
392 379
392 380
392 382
392 383
392 387
392 389
392 390
392 395
392 397
392 398
392 401
392 405
392 406
392 412
392 413
392 416
392 417
392 423
392 424
392 426
392 432
393 331
393 333
393 336
393 341
393 344
393 348
393 353
393 356
393 358
393 361
393 363
393 365
393 366
393 367
393 368
393 370
393 373
393 376
393 379
393 381
393 382
393 384
393 385
393 386
393 387
393 388
393 389
393 391
393 392
393 393
393 394
393 395
393 397
393 401
393 405
393 407
393 410
393 411
393 418
393 420
393 424
393 425
393 432
393 436
393 444
393 447
394 320
394 333
394 338
394 341
394 344
394 349
394 351
394 354
394 355
394 358
394 360
394 361
394 367
394 368
394 370
394 373
394 374
394 375
394 377
394 378
394 380
394 381
394 383
394 384
394 386
394 388
394 389
394 391
394 395
394 403
394 406
394 407
394 408
394 411
394 412
394 418
394 420
394 422
394 428
394 431
394 434
394 437
394 453
395 337
395 339
395 355
395 356
395 359
395 361
395 362
395 363
395 368
395 369
395 376
395 377
395 378
395 383
395 384
395 385
395 396
395 399
395 404
395 405
395 406
395 409
395 413
395 415
395 417
395 421
395 422
395 424
395 426
395 428
395 431
395 434
396 320
396 328
396 339
396 345
396 346
396 347
396 349
396 350
396 352
396 358
396 362
396 363
396 364
396 365
396 367
396 369
396 370
396 371
396 372
396 375
396 377
396 379
396 380
396 383
396 384
396 385
396 386
396 388
396 389
396 390
396 391
396 393
396 395
396 396
396 397
396 399
396 401
396 404
396 405
396 406
396 408
396 409
396 414
396 415
396 416
396 418
396 422
396 425
396 432
396 434
396 436
396 443
397 314
397 334
397 347
397 348
397 351
397 354
397 357
397 360
397 361
397 363
397 367
397 373
397 374
397 377
397 379
397 383
397 388
397 390
397 392
397 393
397 394
397 395
397 396
397 397
397 399
397 403
397 407
397 414
397 426
397 427
397 430
397 442
398 324
398 344
398 348
398 349
398 350
398 352
398 353
398 354
398 355
398 359
398 365
398 366
398 367
398 369
398 370
398 373
398 377
398 379
398 383
398 386
398 391
398 394
398 398
398 401
398 404
398 409
398 415
398 422
398 428
398 429
398 433
398 464
399 307
399 334
399 345
399 353
399 354
399 363
399 364
399 366
399 371
399 373
399 375
399 376
399 378
399 379
399 382
399 385
399 386
399 388
399 393
399 394
399 395
399 398
399 402
399 406
399 407
399 410
399 414
399 423
399 426
399 438
399 439
399 441
400 328
400 339
400 341
400 345
400 346
400 349
400 353
400 356
400 357
400 358
400 365
400 366
400 368
400 370
400 372
400 377
400 380
400 381
400 383
400 384
400 386
400 389
400 390
400 391
400 393
400 394
400 397
400 401
400 402
400 403
400 406
400 407
400 409
400 410
400 418
400 421
400 424
400 437
401 330
401 344
401 345
401 358
401 359
401 363
401 371
401 373
401 374
401 376
401 377
401 384
401 387
401 388
401 391
401 397
401 400
401 403
401 404
401 409
401 411
401 413
401 414
401 415
401 418
401 420
402 311
402 321
402 342
402 349
402 351
402 358
402 360
402 363
402 366
402 367
402 369
402 371
402 373
402 375
402 379
402 381
402 389
402 393
402 395
402 398
402 400
402 402
402 412
402 416
402 418
402 423
402 425
402 426
402 435
402 437
403 312
403 327
403 351
403 354
403 356
403 357
403 361
403 364
403 365
403 368
403 370
403 378
403 383
403 384
403 387
403 388
403 390
403 391
403 392
403 395
403 407
403 408
403 412
403 417
403 419
403 423
403 424
403 426
403 428
403 430
403 432
403 435
403 438
403 441
404 342
404 350
404 353
404 360
404 361
404 369
404 371
404 382
404 383
404 384
404 388
404 389
404 394
404 397
404 400
404 404
404 406
404 414
404 422
404 423
404 426
404 429
404 434
404 436
404 456
405 347
405 357
405 358
405 359
405 361
405 366
405 375
405 377
405 383
405 386
405 390
405 391
405 392
405 393
405 394
405 398
405 401
405 402
405 405
405 406
405 410
405 412
405 420
406 345
406 349
406 354
406 355
406 363
406 364
406 367
406 379
406 383
406 385
406 386
406 387
406 390
406 391
406 400
406 401
406 416
406 418
406 420
406 432
407 343
407 348
407 350
407 355
407 361
407 362
407 371
407 375
407 376
407 378
407 379
407 381
407 383
407 385
407 389
407 392
407 398
407 406
407 407
407 408
407 416
407 422
407 425
407 430
407 438
408 344
408 345
408 351
408 355
408 367
408 385
408 386
408 389
408 390
408 392
408 399
408 402
408 404
408 409
408 411
408 413
408 418
408 424
408 432
409 342
409 354
409 365
409 373
409 375
409 381
409 383
409 386
409 401
409 403
409 407
409 408
409 414
409 421
409 422
409 424
410 356
410 362
410 363
410 366
410 374
410 375
410 377
410 379
410 386
410 389
410 390
410 395
410 399
410 404
410 409
410 424
410 425
410 427
410 446
411 343
411 347
411 356
411 362
411 367
411 372
411 377
411 379
411 382
411 387
411 390
411 391
411 397
411 400
411 402
411 403
411 407
411 408
411 413
411 415
411 417
411 420
411 423
412 334
412 337
412 353
412 357
412 360
412 371
412 375
412 376
412 382
412 384
412 385
412 395
412 399
412 407
412 411
412 434
413 338
413 348
413 352
413 377
413 383
413 384
413 390
413 402
413 406
413 413
413 414
413 426
414 359
414 360
414 362
414 369
414 371
414 372
414 373
414 375
414 377
414 383
414 386
414 387
414 388
414 393
414 394
414 395
414 414
414 417
414 433
415 341
415 351
415 361
415 366
415 369
415 374
415 384
415 388
415 390
415 409
415 430
416 354
416 371
416 373
416 382
416 389
416 390
416 423
416 425
417 353
417 354
417 356
417 358
417 365
417 377
417 380
417 381
417 382
417 391
417 393
417 397
417 416
417 432
417 441
418 342
418 368
418 376
418 383
418 384
418 388
418 390
418 395
418 404
418 405
418 412
418 433
419 370
419 373
419 385
419 393
419 414
419 416
420 358
420 375
420 379
420 380
420 384
420 389
420 390
420 399
420 430
421 344
421 367
421 385
421 389
421 390
421 391
421 393
421 406
421 407
421 423
422 375
422 387
423 351
423 368
423 382
423 392
423 397
423 402
423 406
423 407
424 375
424 379
424 380
424 386
424 388
424 392
424 399
424 411
425 370
425 377
425 384
425 392
426 371
426 372
426 377
426 379
426 394
426 398
426 410
427 410
427 413
427 426
428 340
429 342
429 388
431 368
431 403
431 409
433 370
435 365
435 371
435 378
436 381
436 392
438 416
439 343
439 369
440 351
440 413
441 407
443 409
444 383
449 376
