751
252 431
266 349
267 387
271 392
278 427
279 373
279 395
280 374
281 363
281 367
281 392
282 333
282 368
282 375
282 378
284 370
284 378
284 385
284 393
284 401
285 361
285 363
285 390
285 433
286 366
286 378
286 380
286 385
286 411
287 370
287 372
287 373
287 378
287 380
287 387
287 425
288 381
288 391
288 393
288 401
289 365
289 370
289 375
289 377
289 390
289 405
290 358
290 361
290 375
290 379
290 393
290 394
290 427
291 350
291 354
291 367
291 372
291 375
291 378
291 381
291 385
291 390
291 391
291 392
291 395
292 353
292 354
292 366
292 369
292 371
292 384
292 385
292 386
293 348
293 358
293 367
293 372
293 373
293 383
293 386
293 390
293 391
293 413
293 414
293 435
294 347
294 359
294 362
294 363
294 366
294 377
294 378
294 386
294 387
294 391
294 394
294 400
294 407
294 426
295 362
295 371
295 372
295 374
295 375
295 381
295 382
295 384
295 399
295 415
295 430
296 357
296 363
296 365
296 371
296 376
296 382
296 390
296 392
296 401
296 403
296 407
296 416
296 417
296 419
296 422
297 342
297 369
297 370
297 376
297 378
297 380
297 381
297 383
297 384
297 386
297 387
297 392
297 397
297 398
297 411
297 414
298 349
298 350
298 359
298 362
298 366
298 368
298 378
298 384
298 402
298 403
298 408
298 410
298 414
298 418
299 321
299 344
299 349
299 354
299 355
299 361
299 364
299 365
299 368
299 370
299 371
299 372
299 373
299 374
299 375
299 387
299 388
299 389
299 394
299 395
299 396
299 401
299 403
299 411
299 412
299 414
299 418
299 419
300 340
300 344
300 354
300 357
300 358
300 365
300 366
300 367
300 368
300 372
300 373
300 374
300 377
300 378
300 379
300 385
300 387
300 389
300 391
300 392
300 393
300 396
300 398
300 400
300 401
300 402
300 404
300 408
300 409
300 416
300 420
300 422
301 329
301 341
301 347
301 350
301 352
301 360
301 367
301 369
301 371
301 377
301 379
301 381
301 389
301 390
301 392
301 394
301 395
301 400
301 401
301 403
301 406
301 408
301 410
301 411
301 418
301 423
302 332
302 347
302 352
302 354
302 356
302 364
302 368
302 370
302 371
302 377
302 378
302 379
302 386
302 389
302 390
302 392
302 398
302 399
302 401
302 404
302 408
302 414
302 419
302 426
303 340
303 341
303 347
303 353
303 356
303 358
303 359
303 365
303 366
303 367
303 368
303 369
303 370
303 371
303 374
303 376
303 378
303 381
303 384
303 386
303 390
303 392
303 394
303 395
303 396
303 397
303 401
303 405
303 407
303 410
303 418
303 425
303 426
303 431
303 458
304 330
304 339
304 342
304 350
304 351
304 354
304 355
304 361
304 362
304 364
304 366
304 367
304 371
304 372
304 374
304 379
304 380
304 382
304 384
304 389
304 390
304 391
304 392
304 395
304 396
304 399
304 403
304 414
304 419
304 427
304 429
304 436
305 343
305 347
305 358
305 361
305 362
305 363
305 367
305 369
305 376
305 378
305 380
305 382
305 383
305 384
305 388
305 389
305 390
305 393
305 394
305 395
305 396
305 398
305 399
305 401
305 402
305 404
305 406
305 409
305 412
305 413
305 416
305 417
305 421
305 423
305 429
306 354
306 358
306 361
306 364
306 368
306 373
306 375
306 381
306 383
306 385
306 386
306 388
306 389
306 390
306 393
306 394
306 398
306 401
306 403
306 405
306 407
306 410
306 412
306 416
306 433
306 457
307 319
307 329
307 349
307 351
307 355
307 357
307 358
307 359
307 360
307 361
307 362
307 363
307 365
307 366
307 369
307 371
307 374
307 378
307 380
307 383
307 386
307 387
307 389
307 390
307 391
307 392
307 393
307 394
307 395
307 396
307 398
307 400
307 403
307 405
307 414
307 417
307 422
307 424
307 432
307 436
308 323
308 333
308 337
308 343
308 345
308 346
308 347
308 350
308 351
308 352
308 353
308 354
308 362
308 365
308 366
308 367
308 368
308 369
308 370
308 372
308 373
308 375
308 376
308 377
308 378
308 379
308 381
308 382
308 384
308 385
308 386
308 387
308 388
308 392
308 393
308 395
308 397
308 398
308 400
308 401
308 402
308 403
308 404
308 405
308 407
308 411
308 412
308 413
308 419
308 420
308 425
309 319
309 330
309 332
309 340
309 343
309 354
309 355
309 357
309 359
309 361
309 363
309 369
309 370
309 372
309 373
309 374
309 375
309 377
309 379
309 380
309 381
309 382
309 383
309 384
309 385
309 386
309 389
309 390
309 392
309 393
309 394
309 395
309 396
309 399
309 400
309 402
309 405
309 407
309 408
309 409
309 415
309 419
309 422
309 424
309 426
309 427
309 437
310 315
310 333
310 339
310 343
310 346
310 347
310 348
310 349
310 350
310 352
310 356
310 357
310 359
310 360
310 361
310 363
310 364
310 365
310 366
310 367
310 369
310 370
310 372
310 374
310 375
310 376
310 377
310 378
310 379
310 380
310 383
310 384
310 388
310 389
310 391
310 393
310 396
310 397
310 398
310 400
310 401
310 405
310 407
310 409
310 410
310 414
310 417
310 419
310 420
310 422
310 425
310 426
310 437
310 438
310 462
311 330
311 336
311 342
311 345
311 349
311 353
311 355
311 361
311 364
311 365
311 366
311 367
311 368
311 369
311 370
311 371
311 372
311 373
311 374
311 375
311 376
311 378
311 379
311 382
311 383
311 385
311 386
311 388
311 389
311 391
311 392
311 394
311 395
311 396
311 397
311 398
311 401
311 403
311 404
311 405
311 407
311 410
311 413
311 414
311 417
311 438
312 319
312 320
312 330
312 334
312 349
312 350
312 357
312 359
312 360
312 361
312 362
312 364
312 365
312 366
312 368
312 369
312 370
312 372
312 373
312 376
312 377
312 378
312 381
312 383
312 387
312 390
312 391
312 393
312 395
312 396
312 398
312 399
312 400
312 401
312 402
312 403
312 406
312 410
312 412
312 413
312 414
312 415
312 417
312 422
312 425
312 429
312 436
312 447
313 321
313 322
313 327
313 329
313 337
313 339
313 340
313 349
313 353
313 358
313 360
313 361
313 362
313 363
313 365
313 367
313 368
313 370
313 371
313 372
313 373
313 374
313 375
313 376
313 377
313 378
313 379
313 380
313 382
313 383
313 385
313 386
313 387
313 389
313 392
313 395
313 396
313 397
313 400
313 401
313 402
313 403
313 404
313 406
313 407
313 408
313 409
313 411
313 415
313 416
313 420
313 423
313 425
313 428
313 430
313 432
313 436
313 440
313 446
313 475
314 312
314 321
314 334
314 338
314 346
314 348
314 349
314 350
314 351
314 355
314 358
314 359
314 360
314 361
314 363
314 365
314 366
314 368
314 370
314 372
314 374
314 375
314 376
314 377
314 378
314 379
314 380
314 383
314 384
314 385
314 386
314 387
314 389
314 390
314 391
314 392
314 393
314 394
314 395
314 396
314 397
314 398
314 401
314 402
314 403
314 405
314 406
314 407
314 408
314 410
314 411
314 413
314 415
314 416
314 419
314 420
314 422
314 427
314 437
314 440
314 442
314 444
314 450
314 455
315 321
315 335
315 336
315 340
315 342
315 343
315 345
315 347
315 348
315 351
315 353
315 354
315 356
315 357
315 359
315 360
315 362
315 366
315 368
315 369
315 370
315 371
315 372
315 373
315 375
315 378
315 379
315 380
315 382
315 385
315 387
315 388
315 389
315 392
315 393
315 394
315 397
315 399
315 400
315 402
315 403
315 404
315 406
315 407
315 408
315 409
315 413
315 414
315 417
315 419
315 420
315 422
315 424
315 434
315 437
316 326
316 330
316 334
316 341
316 342
316 344
316 345
316 347
316 350
316 351
316 354
316 355
316 356
316 359
316 360
316 362
316 363
316 364
316 365
316 366
316 367
316 368
316 369
316 371
316 372
316 373
316 374
316 375
316 376
316 377
316 379
316 380
316 382
316 383
316 384
316 385
316 386
316 390
316 391
316 392
316 394
316 395
316 396
316 397
316 398
316 399
316 400
316 401
316 402
316 403
316 405
316 406
316 407
316 408
316 411
316 412
316 413
316 414
316 415
316 416
316 418
316 421
316 427
316 429
316 432
316 437
316 438
316 441
316 443
316 445
316 447
317 330
317 331
317 334
317 335
317 339
317 342
317 347
317 348
317 349
317 353
317 355
317 356
317 357
317 358
317 359
317 360
317 362
317 363
317 364
317 365
317 366
317 367
317 369
317 370
317 371
317 373
317 375
317 376
317 377
317 378
317 379
317 380
317 381
317 382
317 383
317 384
317 385
317 387
317 388
317 389
317 390
317 391
317 392
317 393
317 394
317 396
317 397
317 398
317 399
317 400
317 401
317 402
317 404
317 406
317 408
317 409
317 410
317 411
317 412
317 418
317 419
317 423
317 424
317 436
317 440
317 441
317 464
318 328
318 331
318 332
318 337
318 341
318 343
318 344
318 346
318 347
318 351
318 352
318 355
318 358
318 359
318 360
318 361
318 362
318 364
318 365
318 367
318 368
318 369
318 370
318 371
318 372
318 373
318 374
318 375
318 376
318 377
318 378
318 379
318 380
318 381
318 383
318 384
318 385
318 387
318 388
318 389
318 391
318 392
318 394
318 395
318 396
318 397
318 398
318 400
318 403
318 404
318 405
318 406
318 408
318 409
318 411
318 412
318 413
318 414
318 415
318 416
318 417
318 418
318 420
318 424
318 425
318 426
318 427
318 428
318 434
318 435
318 454
318 459
318 468
319 320
319 321
319 334
319 342
319 345
319 346
319 348
319 349
319 350
319 352
319 353
319 354
319 355
319 358
319 359
319 362
319 363
319 364
319 366
319 367
319 369
319 370
319 371
319 373
319 374
319 376
319 377
319 379
319 380
319 381
319 382
319 383
319 384
319 385
319 386
319 388
319 389
319 390
319 391
319 393
319 394
319 395
319 398
319 399
319 400
319 401
319 402
319 404
319 408
319 409
319 410
319 412
319 414
319 416
319 418
319 419
319 421
319 422
319 423
319 425
319 432
319 435
319 443
319 445
319 447
319 451
320 324
320 329
320 330
320 334
320 336
320 337
320 339
320 340
320 342
320 343
320 346
320 347
320 348
320 349
320 351
320 354
320 355
320 359
320 361
320 362
320 363
320 365
320 366
320 367
320 368
320 369
320 370
320 371
320 372
320 373
320 374
320 376
320 377
320 378
320 379
320 381
320 383
320 384
320 388
320 389
320 390
320 391
320 392
320 393
320 395
320 396
320 398
320 400
320 401
320 402
320 403
320 404
320 407
320 408
320 411
320 413
320 416
320 430
320 431
320 441
320 443
320 444
320 449
321 340
321 341
321 347
321 348
321 350
321 351
321 353
321 354
321 355
321 356
321 357
321 358
321 359
321 362
321 363
321 364
321 365
321 366
321 368
321 369
321 370
321 372
321 373
321 374
321 376
321 378
321 379
321 380
321 381
321 382
321 384
321 385
321 386
321 387
321 388
321 390
321 391
321 393
321 394
321 395
321 396
321 397
321 398
321 399
321 401
321 402
321 403
321 404
321 405
321 406
321 409
321 412
321 415
321 416
321 417
321 418
321 419
321 425
321 426
321 427
321 432
321 435
321 436
321 438
321 440
321 447
322 313
322 322
322 327
322 331
322 332
322 333
322 338
322 339
322 345
322 351
322 352
322 353
322 355
322 356
322 357
322 358
322 360
322 361
322 362
322 365
322 367
322 369
322 370
322 371
322 372
322 373
322 375
322 376
322 377
322 378
322 379
322 380
322 381
322 382
322 383
322 384
322 385
322 386
322 387
322 390
322 392
322 393
322 395
322 396
322 398
322 399
322 400
322 401
322 404
322 405
322 406
322 407
322 408
322 409
322 410
322 411
322 412
322 414
322 415
322 416
322 417
322 418
322 419
322 420
322 425
322 435
322 451
323 319
323 322
323 325
323 330
323 333
323 335
323 337
323 340
323 344
323 347
323 348
323 349
323 351
323 352
323 354
323 356
323 357
323 358
323 360
323 361
323 362
323 366
323 367
323 368
323 370
323 372
323 373
323 374
323 375
323 377
323 378
323 379
323 380
323 381
323 382
323 384
323 385
323 386
323 387
323 388
323 389
323 390
323 391
323 392
323 393
323 394
323 395
323 397
323 398
323 399
323 400
323 402
323 403
323 404
323 408
323 410
323 411
323 412
323 413
323 414
323 415
323 419
323 420
323 422
323 423
323 424
323 425
323 429
323 431
323 432
323 433
323 439
323 473
324 328
324 330
324 336
324 339
324 340
324 342
324 345
324 347
324 348
324 349
324 351
324 352
324 354
324 355
324 356
324 357
324 359
324 360
324 361
324 363
324 365
324 366
324 369
324 370
324 371
324 372
324 374
324 375
324 377
324 378
324 379
324 380
324 381
324 382
324 383
324 385
324 387
324 389
324 390
324 391
324 392
324 393
324 394
324 395
324 396
324 397
324 398
324 399
324 400
324 401
324 402
324 403
324 404
324 405
324 406
324 407
324 408
324 409
324 411
324 412
324 414
324 416
324 419
324 420
324 424
324 426
324 427
324 429
324 431
324 436
324 441
324 481
325 303
325 331
325 332
325 341
325 345
325 348
325 349
325 353
325 354
325 355
325 356
325 358
325 359
325 360
325 361
325 362
325 363
325 364
325 365
325 368
325 369
325 370
325 371
325 372
325 373
325 374
325 375
325 376
325 377
325 378
325 379
325 380
325 381
325 382
325 383
325 384
325 385
325 386
325 387
325 388
325 389
325 390
325 391
325 392
325 393
325 394
325 395
325 397
325 398
325 399
325 400
325 401
325 403
325 404
325 405
325 406
325 408
325 409
325 410
325 412
325 413
325 414
325 415
325 416
325 418
325 420
325 422
325 424
325 425
325 427
325 431
325 432
325 437
325 440
325 442
325 444
326 323
326 326
326 327
326 328
326 334
326 335
326 337
326 338
326 343
326 344
326 350
326 352
326 353
326 354
326 356
326 357
326 359
326 360
326 361
326 362
326 363
326 364
326 365
326 366
326 367
326 368
326 369
326 370
326 371
326 372
326 373
326 374
326 375
326 376
326 377
326 379
326 381
326 382
326 383
326 386
326 387
326 388
326 389
326 390
326 391
326 392
326 393
326 394
326 395
326 396
326 397
326 398
326 400
326 401
326 402
326 403
326 404
326 405
326 406
326 407
326 408
326 409
326 410
326 411
326 412
326 413
326 414
326 416
326 418
326 421
326 422
326 423
326 424
326 428
326 430
326 431
326 436
326 437
326 439
326 442
326 449
326 450
326 452
326 453
326 458
326 478
327 317
327 325
327 329
327 330
327 333
327 335
327 336
327 338
327 342
327 344
327 348
327 349
327 350
327 351
327 353
327 354
327 355
327 356
327 357
327 358
327 359
327 360
327 361
327 362
327 364
327 365
327 366
327 368
327 369
327 370
327 371
327 372
327 373
327 374
327 375
327 376
327 378
327 379
327 380
327 381
327 382
327 383
327 384
327 385
327 386
327 388
327 389
327 390
327 391
327 393
327 395
327 396
327 398
327 399
327 400
327 401
327 402
327 403
327 404
327 405
327 407
327 409
327 410
327 414
327 416
327 417
327 419
327 420
327 424
327 426
327 427
327 432
327 448
327 480
328 308
328 323
328 330
328 333
328 334
328 336
328 337
328 338
328 339
328 344
328 347
328 351
328 352
328 355
328 356
328 358
328 359
328 360
328 362
328 363
328 364
328 365
328 366
328 367
328 368
328 369
328 370
328 372
328 373
328 374
328 376
328 377
328 378
328 379
328 380
328 381
328 382
328 384
328 385
328 386
328 387
328 388
328 391
328 392
328 393
328 394
328 395
328 396
328 397
328 398
328 400
328 402
328 403
328 405
328 406
328 407
328 409
328 410
328 411
328 412
328 414
328 415
328 416
328 418
328 419
328 421
328 422
328 423
328 424
328 428
328 430
328 433
328 436
328 437
328 456
328 459
329 323
329 331
329 333
329 334
329 335
329 337
329 339
329 341
329 342
329 343
329 344
329 345
329 346
329 347
329 348
329 349
329 350
329 351
329 352
329 354
329 355
329 356
329 357
329 358
329 359
329 360
329 361
329 362
329 363
329 365
329 369
329 370
329 372
329 373
329 374
329 375
329 376
329 377
329 378
329 379
329 381
329 383
329 384
329 386
329 387
329 388
329 389
329 390
329 391
329 392
329 393
329 394
329 396
329 397
329 398
329 399
329 400
329 402
329 403
329 404
329 405
329 406
329 408
329 409
329 412
329 413
329 414
329 415
329 416
329 418
329 419
329 425
329 426
329 428
329 431
329 432
329 433
329 436
329 440
329 441
329 448
329 450
329 455
329 457
329 458
329 459
329 467
329 468
330 306
330 325
330 333
330 334
330 335
330 339
330 340
330 341
330 343
330 345
330 347
330 353
330 354
330 355
330 356
330 357
330 358
330 359
330 360
330 361
330 362
330 363
330 364
330 365
330 366
330 367
330 368
330 369
330 370
330 372
330 373
330 374
330 375
330 376
330 377
330 378
330 379
330 380
330 381
330 382
330 383
330 384
330 385
330 386
330 387
330 389
330 391
330 392
330 394
330 396
330 397
330 399
330 400
330 401
330 402
330 404
330 405
330 406
330 407
330 408
330 411
330 414
330 415
330 416
330 417
330 418
330 420
330 421
330 422
330 423
330 424
330 425
330 426
330 427
330 431
330 432
330 434
330 437
330 439
330 441
330 445
330 447
330 450
330 465
330 468
330 471
330 478
331 308
331 312
331 314
331 326
331 327
331 328
331 329
331 331
331 333
331 334
331 336
331 338
331 340
331 342
331 343
331 344
331 345
331 346
331 348
331 349
331 351
331 352
331 353
331 354
331 355
331 356
331 358
331 359
331 360
331 364
331 365
331 366
331 367
331 368
331 369
331 370
331 371
331 373
331 374
331 375
331 376
331 377
331 378
331 379
331 380
331 381
331 382
331 383
331 384
331 385
331 386
331 387
331 389
331 390
331 391
331 392
331 393
331 394
331 395
331 396
331 397
331 398
331 399
331 400
331 401
331 402
331 403
331 404
331 405
331 406
331 408
331 409
331 410
331 411
331 412
331 413
331 414
331 415
331 416
331 417
331 418
331 419
331 420
331 421
331 423
331 425
331 429
331 433
331 436
331 437
331 443
331 447
331 449
331 454
332 323
332 324
332 328
332 331
332 333
332 334
332 335
332 339
332 340
332 341
332 342
332 343
332 344
332 348
332 349
332 350
332 351
332 352
332 353
332 354
332 356
332 358
332 360
332 361
332 362
332 363
332 364
332 366
332 367
332 368
332 370
332 371
332 372
332 373
332 376
332 377
332 378
332 379
332 380
332 381
332 382
332 383
332 384
332 385
332 386
332 387
332 388
332 389
332 390
332 391
332 392
332 393
332 394
332 395
332 396
332 397
332 398
332 399
332 400
332 401
332 402
332 403
332 404
332 406
332 408
332 409
332 410
332 411
332 412
332 413
332 416
332 418
332 422
332 424
332 425
332 427
332 428
332 431
332 432
332 439
332 442
332 443
332 450
332 453
332 456
332 460
332 471
332 477
333 318
333 323
333 325
333 330
333 332
333 333
333 334
333 338
333 342
333 344
333 345
333 346
333 347
333 349
333 350
333 351
333 352
333 354
333 355
333 356
333 357
333 358
333 359
333 360
333 361
333 362
333 363
333 364
333 365
333 366
333 367
333 368
333 369
333 370
333 371
333 372
333 373
333 374
333 375
333 376
333 377
333 378
333 379
333 380
333 381
333 382
333 383
333 384
333 385
333 386
333 387
333 388
333 389
333 391
333 392
333 394
333 395
333 396
333 398
333 399
333 400
333 402
333 403
333 404
333 405
333 407
333 408
333 410
333 412
333 413
333 414
333 416
333 418
333 419
333 420
333 422
333 426
333 435
333 438
333 441
333 463
333 477
334 331
334 332
334 335
334 338
334 340
334 341
334 342
334 343
334 347
334 348
334 349
334 350
334 351
334 352
334 353
334 354
334 357
334 358
334 359
334 360
334 361
334 362
334 363
334 364
334 365
334 366
334 368
334 369
334 370
334 371
334 372
334 373
334 374
334 375
334 376
334 377
334 378
334 379
334 380
334 381
334 382
334 383
334 384
334 385
334 386
334 387
334 388
334 389
334 390
334 391
334 392
334 393
334 394
334 395
334 396
334 397
334 398
334 399
334 400
334 402
334 403
334 405
334 406
334 407
334 408
334 410
334 411
334 412
334 414
334 416
334 417
334 418
334 419
334 420
334 423
334 426
334 428
334 429
334 432
334 433
334 434
334 436
334 445
334 448
334 456
334 459
334 485
335 300
335 305
335 309
335 315
335 327
335 329
335 330
335 334
335 336
335 337
335 338
335 339
335 340
335 343
335 344
335 345
335 347
335 349
335 350
335 351
335 352
335 353
335 354
335 355
335 356
335 358
335 359
335 360
335 362
335 363
335 364
335 365
335 366
335 367
335 368
335 369
335 370
335 371
335 372
335 373
335 374
335 375
335 376
335 377
335 378
335 379
335 381
335 382
335 383
335 384
335 385
335 386
335 387
335 388
335 389
335 390
335 391
335 392
335 393
335 394
335 395
335 396
335 397
335 398
335 400
335 401
335 402
335 403
335 404
335 405
335 406
335 407
335 409
335 410
335 412
335 413
335 414
335 415
335 416
335 417
335 418
335 420
335 422
335 423
335 424
335 426
335 428
335 429
335 430
335 431
335 434
335 440
335 444
335 456
335 462
335 479
336 310
336 313
336 320
336 328
336 330
336 332
336 336
336 337
336 340
336 341
336 342
336 344
336 345
336 346
336 347
336 348
336 350
336 351
336 352
336 353
336 354
336 356
336 357
336 358
336 359
336 360
336 361
336 362
336 363
336 364
336 365
336 366
336 367
336 368
336 369
336 370
336 371
336 372
336 373
336 375
336 376
336 377
336 378
336 379
336 380
336 381
336 385
336 386
336 387
336 388
336 389
336 390
336 391
336 392
336 393
336 394
336 395
336 396
336 398
336 399
336 400
336 401
336 402
336 403
336 404
336 406
336 407
336 409
336 410
336 411
336 413
336 414
336 415
336 416
336 418
336 420
336 421
336 422
336 423
336 425
336 426
336 427
336 431
336 433
336 435
336 437
336 439
336 443
336 444
336 457
336 460
336 465
337 309
337 317
337 318
337 329
337 330
337 332
337 333
337 335
337 338
337 339
337 341
337 342
337 344
337 345
337 347
337 349
337 350
337 351
337 352
337 353
337 354
337 355
337 357
337 358
337 359
337 360
337 361
337 362
337 363
337 364
337 365
337 366
337 367
337 368
337 369
337 370
337 371
337 372
337 373
337 374
337 375
337 376
337 377
337 378
337 379
337 380
337 381
337 382
337 383
337 384
337 385
337 386
337 387
337 388
337 389
337 390
337 391
337 392
337 393
337 394
337 395
337 396
337 397
337 398
337 399
337 400
337 401
337 402
337 403
337 404
337 405
337 406
337 407
337 408
337 409
337 410
337 411
337 412
337 414
337 415
337 416
337 417
337 419
337 420
337 421
337 422
337 423
337 427
337 429
337 434
337 435
337 438
337 440
337 444
337 455
337 464
337 465
337 467
337 473
337 488
338 316
338 325
338 327
338 332
338 335
338 337
338 339
338 340
338 341
338 342
338 343
338 344
338 345
338 346
338 347
338 348
338 349
338 350
338 351
338 352
338 353
338 355
338 357
338 358
338 359
338 361
338 363
338 365
338 366
338 367
338 368
338 369
338 370
338 373
338 374
338 375
338 376
338 377
338 378
338 379
338 380
338 382
338 383
338 384
338 385
338 386
338 387
338 388
338 389
338 390
338 391
338 392
338 393
338 394
338 395
338 396
338 397
338 398
338 399
338 400
338 401
338 402
338 403
338 404
338 405
338 406
338 407
338 408
338 409
338 410
338 411
338 413
338 414
338 415
338 416
338 417
338 419
338 420
338 421
338 423
338 424
338 425
338 426
338 427
338 428
338 430
338 431
338 433
338 434
338 435
338 437
338 440
338 441
338 443
338 445
338 446
338 473
339 325
339 326
339 331
339 333
339 334
339 337
339 339
339 340
339 341
339 342
339 344
339 345
339 347
339 349
339 350
339 351
339 352
339 353
339 355
339 356
339 358
339 360
339 361
339 362
339 363
339 364
339 366
339 367
339 368
339 369
339 370
339 371
339 372
339 373
339 375
339 376
339 377
339 378
339 380
339 381
339 384
339 385
339 386
339 387
339 388
339 389
339 390
339 391
339 392
339 393
339 394
339 395
339 396
339 397
339 398
339 400
339 401
339 402
339 403
339 404
339 407
339 408
339 409
339 411
339 412
339 413
339 414
339 416
339 417
339 418
339 419
339 421
339 422
339 423
339 424
339 427
339 429
339 430
339 436
339 437
339 439
339 444
339 446
339 447
339 456
339 461
340 309
340 327
340 330
340 331
340 332
340 333
340 334
340 335
340 336
340 337
340 338
340 341
340 343
340 347
340 348
340 349
340 352
340 353
340 354
340 355
340 356
340 357
340 358
340 359
340 360
340 361
340 362
340 363
340 364
340 365
340 366
340 367
340 368
340 369
340 370
340 371
340 372
340 373
340 374
340 375
340 376
340 377
340 378
340 379
340 381
340 382
340 383
340 384
340 385
340 386
340 387
340 388
340 389
340 390
340 391
340 392
340 393
340 394
340 395
340 396
340 398
340 399
340 400
340 402
340 403
340 404
340 406
340 407
340 408
340 409
340 410
340 411
340 412
340 414
340 415
340 416
340 417
340 418
340 419
340 420
340 422
340 423
340 425
340 427
340 428
340 429
340 430
340 432
340 433
340 435
340 437
340 442
340 444
340 445
340 454
340 467
341 322
341 327
341 329
341 333
341 334
341 337
341 340
341 341
341 343
341 344
341 345
341 346
341 347
341 348
341 349
341 350
341 351
341 352
341 354
341 355
341 356
341 357
341 358
341 360
341 361
341 364
341 365
341 366
341 367
341 368
341 369
341 370
341 371
341 372
341 373
341 374
341 375
341 376
341 377
341 378
341 379
341 381
341 382
341 383
341 384
341 385
341 386
341 387
341 388
341 389
341 390
341 391
341 392
341 393
341 394
341 395
341 396
341 397
341 398
341 399
341 400
341 401
341 402
341 403
341 404
341 405
341 407
341 408
341 410
341 411
341 412
341 413
341 414
341 415
341 417
341 418
341 419
341 420
341 422
341 423
341 424
341 425
341 426
341 427
341 431
341 433
341 435
341 439
341 443
341 448
341 451
341 465
342 319
342 324
342 326
342 328
342 330
342 331
342 332
342 334
342 337
342 340
342 341
342 343
342 345
342 347
342 349
342 350
342 351
342 353
342 354
342 357
342 360
342 361
342 362
342 363
342 364
342 365
342 366
342 367
342 368
342 369
342 370
342 371
342 372
342 373
342 374
342 375
342 376
342 377
342 378
342 379
342 380
342 381
342 382
342 383
342 384
342 385
342 386
342 387
342 388
342 389
342 390
342 391
342 392
342 393
342 394
342 395
342 396
342 397
342 398
342 399
342 400
342 401
342 402
342 403
342 404
342 405
342 406
342 407
342 408
342 409
342 410
342 411
342 412
342 413
342 414
342 415
342 416
342 418
342 419
342 420
342 421
342 422
342 423
342 425
342 426
342 427
342 428
342 429
342 430
342 431
342 433
342 434
342 436
342 438
342 443
342 445
342 447
342 453
342 455
342 456
342 459
342 468
343 315
343 316
343 327
343 330
343 331
343 334
343 336
343 341
343 342
343 343
343 345
343 346
343 347
343 349
343 350
343 352
343 353
343 354
343 355
343 356
343 357
343 358
343 359
343 360
343 362
343 363
343 364
343 365
343 366
343 367
343 368
343 369
343 370
343 371
343 372
343 373
343 375
343 376
343 377
343 378
343 379
343 381
343 382
343 383
343 384
343 385
343 386
343 387
343 388
343 389
343 390
343 391
343 392
343 393
343 394
343 395
343 397
343 398
343 399
343 400
343 401
343 402
343 403
343 404
343 406
343 407
343 408
343 409
343 410
343 411
343 412
343 413
343 414
343 415
343 416
343 417
343 418
343 420
343 422
343 423
343 425
343 426
343 428
343 430
343 432
343 434
343 436
343 439
343 441
343 443
343 444
343 445
343 459
343 464
343 469
343 471
344 324
344 328
344 330
344 332
344 334
344 340
344 341
344 342
344 343
344 344
344 346
344 347
344 350
344 351
344 352
344 353
344 354
344 356
344 357
344 358
344 359
344 361
344 362
344 363
344 364
344 365
344 366
344 367
344 368
344 369
344 370
344 371
344 372
344 373
344 374
344 375
344 376
344 377
344 378
344 379
344 380
344 381
344 382
344 383
344 385
344 386
344 387
344 388
344 389
344 390
344 391
344 392
344 393
344 395
344 396
344 397
344 398
344 399
344 400
344 402
344 403
344 404
344 405
344 406
344 408
344 409
344 410
344 411
344 414
344 415
344 416
344 417
344 418
344 420
344 421
344 422
344 423
344 425
344 426
344 430
344 432
344 436
344 441
344 460
344 482
345 321
345 333
345 335
345 336
345 340
345 342
345 343
345 344
345 345
345 346
345 348
345 349
345 350
345 351
345 352
345 353
345 354
345 356
345 358
345 359
345 360
345 361
345 362
345 364
345 365
345 366
345 368
345 369
345 370
345 372
345 373
345 375
345 377
345 379
345 382
345 383
345 384
345 385
345 386
345 387
345 388
345 389
345 390
345 391
345 393
345 394
345 395
345 397
345 398
345 399
345 400
345 401
345 402
345 403
345 404
345 405
345 406
345 407
345 408
345 410
345 411
345 413
345 414
345 415
345 416
345 418
345 419
345 421
345 422
345 424
345 425
345 426
345 428
345 429
345 434
345 435
345 438
345 442
345 443
345 449
345 459
345 460
345 487
346 323
346 329
346 331
346 333
346 334
346 335
346 337
346 339
346 340
346 341
346 342
346 344
346 345
346 346
346 347
346 348
346 349
346 351
346 352
346 354
346 355
346 356
346 358
346 359
346 360
346 362
346 363
346 364
346 365
346 366
346 367
346 368
346 369
346 370
346 371
346 372
346 373
346 374
346 375
346 376
346 377
346 378
346 379
346 380
346 381
346 382
346 383
346 384
346 385
346 386
346 387
346 388
346 389
346 390
346 391
346 392
346 393
346 394
346 396
346 397
346 398
346 399
346 401
346 402
346 403
346 404
346 405
346 406
346 407
346 408
346 409
346 410
346 411
346 412
346 414
346 415
346 417
346 418
346 419
346 420
346 423
346 424
346 426
346 427
346 428
346 431
346 435
346 449
346 459
346 461
346 469
346 477
347 302
347 327
347 331
347 333
347 334
347 335
347 336
347 338
347 339
347 341
347 342
347 344
347 346
347 347
347 348
347 350
347 351
347 352
347 353
347 354
347 355
347 357
347 358
347 359
347 360
347 362
347 363
347 365
347 366
347 367
347 368
347 369
347 370
347 372
347 373
347 374
347 375
347 376
347 377
347 378
347 379
347 380
347 381
347 382
347 383
347 384
347 385
347 386
347 387
347 388
347 390
347 391
347 392
347 393
347 394
347 395
347 396
347 397
347 398
347 399
347 400
347 401
347 402
347 403
347 404
347 406
347 407
347 408
347 409
347 410
347 411
347 412
347 413
347 414
347 415
347 416
347 418
347 419
347 420
347 421
347 422
347 423
347 424
347 425
347 426
347 427
347 433
347 437
347 439
347 447
347 460
347 466
347 467
347 475
348 311
348 325
348 328
348 330
348 332
348 333
348 334
348 336
348 337
348 339
348 340
348 341
348 343
348 344
348 346
348 347
348 348
348 349
348 350
348 353
348 354
348 355
348 356
348 357
348 359
348 360
348 361
348 362
348 363
348 364
348 365
348 366
348 367
348 368
348 369
348 371
348 372
348 373
348 374
348 375
348 376
348 377
348 378
348 379
348 380
348 381
348 382
348 383
348 384
348 385
348 386
348 387
348 388
348 389
348 390
348 391
348 392
348 394
348 396
348 397
348 398
348 399
348 400
348 401
348 402
348 403
348 404
348 405
348 406
348 407
348 409
348 411
348 413
348 414
348 417
348 419
348 421
348 422
348 423
348 425
348 427
348 428
348 429
348 430
348 435
348 437
348 439
348 444
348 445
348 452
349 323
349 324
349 326
349 331
349 332
349 334
349 335
349 337
349 338
349 340
349 341
349 342
349 343
349 344
349 345
349 346
349 348
349 349
349 350
349 351
349 352
349 353
349 354
349 355
349 357
349 358
349 360
349 361
349 362
349 363
349 364
349 366
349 367
349 368
349 369
349 370
349 371
349 372
349 373
349 374
349 375
349 376
349 377
349 378
349 379
349 380
349 381
349 382
349 383
349 384
349 385
349 386
349 387
349 388
349 389
349 390
349 392
349 393
349 394
349 395
349 396
349 397
349 398
349 400
349 402
349 403
349 404
349 405
349 406
349 407
349 409
349 410
349 411
349 412
349 413
349 416
349 417
349 418
349 421
349 422
349 425
349 426
349 428
349 430
349 433
349 434
349 435
349 436
349 438
349 445
349 446
350 321
350 324
350 334
350 336
350 340
350 341
350 344
350 345
350 346
350 349
350 350
350 351
350 353
350 354
350 355
350 356
350 357
350 358
350 359
350 360
350 361
350 362
350 365
350 366
350 367
350 368
350 370
350 371
350 372
350 374
350 375
350 376
350 377
350 379
350 380
350 381
350 383
350 384
350 385
350 386
350 387
350 388
350 389
350 390
350 391
350 392
350 393
350 394
350 395
350 396
350 397
350 399
350 400
350 401
350 402
350 404
350 405
350 407
350 408
350 410
350 411
350 412
350 413
350 414
350 415
350 416
350 417
350 418
350 420
350 423
350 425
350 426
350 428
350 429
350 430
350 433
350 434
350 436
350 437
350 448
350 451
350 463
350 466
350 470
351 318
351 321
351 323
351 325
351 331
351 332
351 334
351 337
351 338
351 339
351 340
351 341
351 342
351 343
351 344
351 345
351 346
351 347
351 348
351 349
351 351
351 352
351 353
351 355
351 356
351 357
351 359
351 361
351 362
351 363
351 364
351 365
351 366
351 367
351 368
351 369
351 370
351 371
351 372
351 373
351 374
351 375
351 376
351 377
351 378
351 379
351 380
351 381
351 382
351 383
351 384
351 385
351 386
351 387
351 388
351 389
351 390
351 391
351 393
351 394
351 396
351 397
351 398
351 399
351 400
351 401
351 402
351 403
351 404
351 405
351 406
351 407
351 408
351 409
351 410
351 412
351 414
351 416
351 418
351 419
351 420
351 422
351 423
351 424
351 426
351 427
351 428
351 429
351 432
351 434
351 435
351 437
351 438
351 439
351 442
351 444
351 446
351 457
351 458
351 466
351 488
352 298
352 317
352 318
352 329
352 330
352 331
352 335
352 336
352 337
352 340
352 341
352 342
352 343
352 344
352 345
352 347
352 348
352 349
352 350
352 351
352 353
352 354
352 355
352 356
352 357
352 359
352 360
352 361
352 362
352 363
352 364
352 365
352 366
352 367
352 368
352 369
352 370
352 371
352 372
352 373
352 375
352 376
352 377
352 378
352 379
352 380
352 381
352 383
352 384
352 385
352 386
352 388
352 389
352 390
352 391
352 392
352 393
352 394
352 395
352 396
352 397
352 398
352 399
352 400
352 401
352 402
352 403
352 405
352 406
352 407
352 408
352 409
352 410
352 411
352 412
352 413
352 414
352 415
352 416
352 417
352 418
352 422
352 423
352 424
352 425
352 428
352 429
352 430
352 431
352 432
352 433
352 434
352 439
352 443
353 321
353 323
353 325
353 327
353 330
353 331
353 334
353 335
353 338
353 339
353 340
353 343
353 344
353 345
353 347
353 348
353 349
353 351
353 352
353 353
353 354
353 355
353 357
353 358
353 359
353 360
353 361
353 363
353 364
353 365
353 366
353 369
353 370
353 372
353 373
353 374
353 375
353 376
353 377
353 378
353 379
353 380
353 381
353 382
353 383
353 384
353 385
353 386
353 387
353 388
353 389
353 390
353 391
353 392
353 393
353 395
353 396
353 397
353 398
353 399
353 400
353 401
353 402
353 403
353 404
353 405
353 406
353 407
353 408
353 409
353 410
353 411
353 412
353 413
353 414
353 415
353 418
353 419
353 420
353 421
353 422
353 423
353 424
353 425
353 426
353 427
353 428
353 430
353 432
353 434
353 435
353 436
353 438
353 439
353 441
353 448
353 457
353 463
354 316
354 317
354 324
354 325
354 326
354 327
354 330
354 331
354 332
354 335
354 338
354 340
354 342
354 345
354 346
354 347
354 348
354 349
354 350
354 351
354 352
354 353
354 354
354 355
354 356
354 357
354 358
354 360
354 361
354 362
354 363
354 364
354 365
354 366
354 367
354 368
354 369
354 370
354 371
354 372
354 373
354 374
354 375
354 376
354 377
354 378
354 380
354 382
354 384
354 385
354 386
354 387
354 388
354 389
354 390
354 391
354 392
354 393
354 394
354 395
354 396
354 397
354 398
354 399
354 400
354 401
354 402
354 403
354 404
354 405
354 406
354 407
354 408
354 410
354 412
354 413
354 414
354 415
354 416
354 417
354 418
354 419
354 421
354 422
354 423
354 424
354 426
354 429
354 430
354 432
354 434
354 440
354 443
354 450
354 453
354 457
354 459
354 463
354 464
355 311
355 319
355 322
355 323
355 326
355 328
355 331
355 333
355 334
355 337
355 338
355 339
355 340
355 341
355 342
355 343
355 344
355 345
355 347
355 348
355 349
355 351
355 352
355 354
355 355
355 356
355 357
355 358
355 359
355 360
355 361
355 362
355 363
355 364
355 365
355 366
355 367
355 368
355 369
355 370
355 371
355 372
355 373
355 374
355 375
355 376
355 377
355 378
355 379
355 380
355 381
355 382
355 383
355 384
355 385
355 386
355 387
355 388
355 389
355 390
355 391
355 392
355 394
355 396
355 397
355 398
355 399
355 400
355 401
355 402
355 403
355 404
355 405
355 406
355 407
355 408
355 409
355 410
355 412
355 413
355 415
355 416
355 417
355 418
355 419
355 420
355 422
355 423
355 424
355 427
355 429
355 430
355 432
355 436
355 437
355 438
355 439
355 440
355 450
355 455
355 476
355 480
356 311
356 317
356 321
356 333
356 334
356 336
356 338
356 339
356 340
356 341
356 344
356 345
356 346
356 347
356 348
356 349
356 350
356 351
356 353
356 354
356 355
356 356
356 357
356 358
356 359
356 360
356 361
356 362
356 363
356 364
356 365
356 366
356 367
356 368
356 369
356 370
356 372
356 373
356 374
356 375
356 377
356 378
356 379
356 380
356 381
356 382
356 383
356 384
356 385
356 386
356 387
356 388
356 389
356 390
356 391
356 392
356 393
356 394
356 395
356 396
356 397
356 398
356 399
356 400
356 401
356 402
356 403
356 404
356 405
356 406
356 407
356 408
356 409
356 410
356 411
356 412
356 413
356 414
356 415
356 417
356 419
356 420
356 425
356 426
356 428
356 429
356 430
356 433
356 435
356 436
356 438
356 439
356 441
356 442
356 444
356 458
356 460
356 482
357 305
357 317
357 322
357 325
357 328
357 330
357 331
357 332
357 334
357 336
357 337
357 338
357 340
357 341
357 342
357 343
357 346
357 347
357 348
357 349
357 350
357 351
357 352
357 353
357 354
357 355
357 356
357 357
357 358
357 359
357 360
357 362
357 363
357 364
357 366
357 367
357 368
357 369
357 370
357 371
357 372
357 373
357 375
357 376
357 377
357 378
357 379
357 380
357 381
357 382
357 383
357 384
357 385
357 386
357 387
357 388
357 389
357 390
357 391
357 392
357 393
357 395
357 396
357 397
357 398
357 399
357 400
357 401
357 402
357 403
357 404
357 405
357 407
357 408
357 409
357 412
357 414
357 415
357 416
357 417
357 418
357 420
357 422
357 423
357 424
357 425
357 431
357 434
357 438
357 449
357 450
357 452
357 456
357 458
357 459
357 464
358 281
358 306
358 311
358 322
358 324
358 325
358 329
358 330
358 333
358 334
358 335
358 336
358 338
358 339
358 340
358 342
358 343
358 344
358 345
358 346
358 348
358 350
358 351
358 352
358 353
358 354
358 355
358 356
358 357
358 358
358 359
358 360
358 361
358 362
358 363
358 364
358 365
358 366
358 368
358 369
358 370
358 371
358 372
358 373
358 374
358 375
358 376
358 377
358 378
358 379
358 380
358 381
358 382
358 383
358 384
358 386
358 387
358 388
358 389
358 390
358 391
358 392
358 393
358 395
358 396
358 397
358 398
358 399
358 400
358 401
358 402
358 403
358 404
358 405
358 406
358 407
358 408
358 409
358 410
358 411
358 412
358 413
358 414
358 415
358 416
358 417
358 419
358 420
358 421
358 423
358 427
358 428
358 429
358 431
358 432
358 434
358 436
358 439
358 440
358 441
358 451
358 458
358 467
358 475
358 477
359 285
359 311
359 324
359 326
359 329
359 330
359 331
359 334
359 335
359 337
359 339
359 340
359 341
359 342
359 344
359 345
359 346
359 348
359 349
359 351
359 353
359 355
359 356
359 358
359 359
359 360
359 361
359 362
359 363
359 364
359 365
359 366
359 367
359 369
359 370
359 371
359 372
359 373
359 374
359 375
359 376
359 377
359 378
359 379
359 380
359 381
359 382
359 383
359 384
359 385
359 386
359 387
359 388
359 389
359 390
359 391
359 392
359 393
359 394
359 395
359 396
359 397
359 398
359 400
359 401
359 402
359 404
359 405
359 406
359 407
359 408
359 409
359 410
359 411
359 412
359 413
359 415
359 416
359 418
359 419
359 420
359 421
359 423
359 425
359 426
359 427
359 428
359 430
359 434
359 436
359 438
359 439
359 441
359 443
359 444
359 455
359 460
359 461
360 319
360 324
360 326
360 329
360 330
360 332
360 333
360 335
360 337
360 338
360 339
360 340
360 342
360 344
360 345
360 347
360 348
360 349
360 350
360 351
360 352
360 353
360 354
360 355
360 356
360 357
360 358
360 359
360 361
360 363
360 365
360 366
360 367
360 368
360 369
360 370
360 371
360 372
360 373
360 374
360 375
360 376
360 377
360 378
360 379
360 380
360 381
360 382
360 383
360 384
360 385
360 386
360 387
360 388
360 389
360 390
360 391
360 392
360 393
360 394
360 395
360 396
360 397
360 398
360 400
360 401
360 402
360 404
360 405
360 406
360 407
360 408
360 412
360 413
360 414
360 415
360 417
360 418
360 419
360 422
360 424
360 426
360 427
360 429
360 430
360 431
360 432
360 439
360 440
360 449
360 450
360 453
360 458
361 319
361 329
361 330
361 331
361 332
361 333
361 334
361 335
361 337
361 338
361 340
361 341
361 343
361 345
361 346
361 347
361 348
361 349
361 350
361 352
361 353
361 354
361 355
361 356
361 357
361 358
361 359
361 360
361 361
361 362
361 363
361 364
361 365
361 366
361 367
361 368
361 369
361 370
361 371
361 372
361 373
361 374
361 375
361 376
361 377
361 378
361 379
361 380
361 381
361 382
361 383
361 384
361 385
361 386
361 387
361 388
361 389
361 390
361 391
361 392
361 393
361 394
361 395
361 396
361 398
361 399
361 400
361 401
361 402
361 403
361 404
361 405
361 406
361 407
361 408
361 410
361 412
361 413
361 414
361 417
361 420
361 421
361 422
361 423
361 424
361 425
361 427
361 429
361 430
361 433
361 434
361 437
361 444
361 445
361 447
361 450
361 453
361 460
361 462
362 314
362 325
362 329
362 333
362 334
362 337
362 339
362 341
362 342
362 343
362 344
362 345
362 346
362 347
362 348
362 350
362 352
362 354
362 355
362 356
362 357
362 359
362 360
362 361
362 362
362 364
362 366
362 367
362 368
362 369
362 370
362 371
362 372
362 373
362 374
362 375
362 376
362 378
362 379
362 380
362 381
362 382
362 383
362 384
362 385
362 386
362 387
362 388
362 389
362 390
362 391
362 392
362 393
362 394
362 395
362 396
362 397
362 398
362 399
362 400
362 402
362 403
362 404
362 405
362 406
362 407
362 409
362 410
362 411
362 412
362 413
362 414
362 415
362 416
362 417
362 419
362 421
362 422
362 423
362 424
362 425
362 427
362 428
362 432
362 434
362 436
362 438
362 440
362 441
362 442
362 448
362 453
362 463
363 319
363 321
363 323
363 324
363 328
363 329
363 333
363 334
363 335
363 337
363 339
363 340
363 341
363 342
363 343
363 344
363 345
363 346
363 347
363 348
363 349
363 350
363 351
363 353
363 355
363 356
363 357
363 358
363 359
363 360
363 361
363 362
363 363
363 364
363 365
363 366
363 367
363 368
363 369
363 370
363 371
363 372
363 373
363 374
363 375
363 376
363 378
363 379
363 380
363 381
363 382
363 383
363 384
363 385
363 386
363 387
363 388
363 389
363 390
363 391
363 392
363 394
363 395
363 396
363 397
363 398
363 400
363 401
363 402
363 403
363 404
363 405
363 406
363 408
363 409
363 410
363 411
363 413
363 415
363 416
363 417
363 418
363 419
363 421
363 422
363 424
363 427
363 429
363 430
363 431
363 432
363 433
363 438
363 442
363 447
364 288
364 302
364 307
364 318
364 319
364 328
364 330
364 333
364 335
364 337
364 338
364 339
364 343
364 344
364 345
364 347
364 348
364 349
364 351
364 352
364 354
364 355
364 356
364 357
364 358
364 360
364 362
364 363
364 364
364 365
364 366
364 367
364 368
364 369
364 370
364 371
364 372
364 373
364 375
364 376
364 377
364 378
364 379
364 380
364 381
364 382
364 383
364 384
364 385
364 386
364 387
364 388
364 389
364 390
364 391
364 392
364 393
364 394
364 395
364 396
364 397
364 398
364 399
364 400
364 401
364 402
364 403
364 404
364 405
364 406
364 407
364 408
364 409
364 410
364 411
364 412
364 413
364 414
364 415
364 416
364 418
364 420
364 421
364 422
364 423
364 424
364 425
364 426
364 427
364 428
364 430
364 431
364 432
364 436
364 440
364 458
365 267
365 292
365 310
365 325
365 327
365 333
365 334
365 335
365 336
365 338
365 339
365 340
365 342
365 343
365 345
365 346
365 347
365 348
365 350
365 352
365 353
365 354
365 356
365 357
365 358
365 359
365 360
365 361
365 362
365 363
365 364
365 365
365 366
365 367
365 368
365 369
365 370
365 371
365 372
365 373
365 374
365 375
365 376
365 377
365 378
365 379
365 380
365 381
365 382
365 383
365 384
365 386
365 387
365 388
365 389
365 391
365 392
365 393
365 394
365 395
365 396
365 397
365 399
365 400
365 401
365 402
365 403
365 404
365 405
365 406
365 407
365 408
365 409
365 410
365 411
365 412
365 413
365 414
365 416
365 417
365 418
365 419
365 420
365 421
365 423
365 425
365 427
365 429
365 430
365 432
365 433
365 434
365 437
365 439
365 443
365 449
365 450
365 452
365 463
366 281
366 287
366 303
366 317
366 326
366 329
366 330
366 331
366 332
366 333
366 335
366 337
366 340
366 342
366 343
366 344
366 346
366 348
366 350
366 351
366 353
366 354
366 355
366 356
366 358
366 359
366 360
366 361
366 362
366 364
366 365
366 366
366 367
366 368
366 369
366 370
366 371
366 372
366 373
366 374
366 375
366 376
366 377
366 378
366 379
366 380
366 381
366 382
366 383
366 384
366 385
366 386
366 387
366 389
366 390
366 391
366 392
366 393
366 394
366 395
366 396
366 397
366 398
366 399
366 400
366 401
366 402
366 403
366 404
366 405
366 406
366 407
366 409
366 410
366 411
366 412
366 414
366 415
366 416
366 417
366 419
366 421
366 422
366 423
366 424
366 426
366 427
366 428
366 429
366 430
366 434
366 435
366 436
366 437
366 438
366 440
366 446
366 448
366 449
366 454
367 281
367 292
367 306
367 321
367 322
367 324
367 326
367 329
367 331
367 333
367 334
367 335
367 338
367 341
367 342
367 344
367 346
367 347
367 348
367 349
367 350
367 351
367 353
367 354
367 355
367 356
367 357
367 358
367 360
367 361
367 362
367 363
367 364
367 365
367 366
367 367
367 368
367 369
367 370
367 371
367 372
367 373
367 374
367 375
367 376
367 377
367 378
367 379
367 380
367 381
367 382
367 384
367 385
367 386
367 387
367 388
367 389
367 390
367 391
367 392
367 393
367 394
367 395
367 396
367 397
367 399
367 400
367 401
367 402
367 403
367 404
367 405
367 406
367 407
367 408
367 409
367 410
367 411
367 412
367 413
367 414
367 415
367 416
367 417
367 418
367 420
367 422
367 423
367 424
367 425
367 426
367 428
367 435
367 437
367 450
367 453
367 473
368 282
368 294
368 302
368 308
368 325
368 329
368 330
368 333
368 334
368 336
368 337
368 338
368 339
368 340
368 341
368 343
368 344
368 346
368 348
368 349
368 350
368 351
368 352
368 353
368 355
368 357
368 358
368 359
368 360
368 361
368 362
368 363
368 364
368 365
368 366
368 367
368 368
368 369
368 371
368 372
368 373
368 374
368 375
368 376
368 378
368 379
368 381
368 382
368 383
368 384
368 386
368 387
368 388
368 389
368 390
368 391
368 392
368 394
368 395
368 396
368 397
368 398
368 399
368 401
368 402
368 403
368 404
368 405
368 406
368 407
368 408
368 410
368 411
368 413
368 414
368 415
368 416
368 418
368 419
368 420
368 422
368 427
368 428
368 430
368 431
368 432
368 434
368 437
368 441
368 443
368 463
369 310
369 319
369 323
369 324
369 328
369 329
369 332
369 334
369 335
369 337
369 338
369 339
369 340
369 341
369 342
369 343
369 344
369 345
369 346
369 347
369 348
369 350
369 351
369 352
369 353
369 354
369 355
369 356
369 357
369 358
369 359
369 360
369 362
369 363
369 365
369 366
369 368
369 369
369 370
369 371
369 372
369 373
369 374
369 375
369 376
369 377
369 379
369 380
369 381
369 382
369 383
369 384
369 385
369 386
369 387
369 388
369 389
369 390
369 391
369 392
369 393
369 394
369 395
369 396
369 397
369 398
369 399
369 400
369 402
369 403
369 404
369 407
369 408
369 409
369 410
369 411
369 412
369 414
369 416
369 417
369 418
369 420
369 422
369 423
369 424
369 425
369 426
369 429
369 432
369 433
369 434
369 437
369 441
369 442
370 303
370 319
370 322
370 323
370 328
370 330
370 331
370 332
370 333
370 335
370 337
370 338
370 339
370 340
370 343
370 344
370 345
370 346
370 347
370 348
370 349
370 350
370 351
370 352
370 353
370 355
370 357
370 358
370 359
370 360
370 362
370 363
370 365
370 366
370 367
370 368
370 369
370 370
370 371
370 372
370 373
370 374
370 375
370 376
370 377
370 378
370 379
370 380
370 381
370 382
370 383
370 385
370 386
370 387
370 388
370 389
370 390
370 391
370 392
370 394
370 395
370 396
370 397
370 398
370 399
370 400
370 401
370 402
370 403
370 404
370 405
370 406
370 407
370 408
370 409
370 411
370 412
370 414
370 415
370 416
370 417
370 418
370 420
370 421
370 422
370 425
370 426
370 427
370 428
370 429
370 430
370 432
370 433
370 434
370 437
370 440
370 442
370 453
371 279
371 286
371 292
371 298
371 316
371 323
371 325
371 326
371 327
371 328
371 331
371 333
371 335
371 336
371 337
371 339
371 341
371 342
371 343
371 344
371 345
371 346
371 347
371 349
371 350
371 352
371 353
371 354
371 356
371 357
371 359
371 360
371 361
371 362
371 363
371 365
371 366
371 367
371 368
371 369
371 370
371 371
371 372
371 373
371 374
371 375
371 376
371 377
371 378
371 379
371 381
371 382
371 383
371 384
371 385
371 386
371 387
371 388
371 390
371 391
371 392
371 393
371 394
371 395
371 396
371 398
371 399
371 400
371 401
371 402
371 403
371 404
371 405
371 406
371 407
371 408
371 409
371 410
371 411
371 412
371 413
371 414
371 416
371 417
371 418
371 419
371 420
371 423
371 424
371 425
371 426
371 428
371 429
371 432
371 433
371 434
371 435
371 436
371 438
371 439
371 442
372 312
372 315
372 316
372 322
372 324
372 328
372 329
372 332
372 333
372 334
372 335
372 337
372 338
372 339
372 341
372 342
372 345
372 346
372 347
372 348
372 349
372 350
372 352
372 353
372 354
372 355
372 356
372 357
372 358
372 359
372 360
372 361
372 362
372 363
372 364
372 365
372 366
372 368
372 370
372 372
372 373
372 374
372 375
372 376
372 377
372 378
372 379
372 380
372 381
372 382
372 383
372 384
372 385
372 386
372 387
372 388
372 390
372 391
372 392
372 393
372 394
372 395
372 396
372 398
372 399
372 400
372 401
372 402
372 403
372 404
372 405
372 406
372 407
372 408
372 410
372 411
372 412
372 413
372 415
372 416
372 417
372 418
372 419
372 421
372 422
372 423
372 425
372 427
372 429
372 430
372 431
372 433
372 436
372 438
372 441
372 443
372 452
372 455
373 311
373 319
373 322
373 327
373 330
373 332
373 335
373 341
373 342
373 343
373 344
373 345
373 347
373 348
373 349
373 350
373 352
373 354
373 355
373 356
373 357
373 359
373 360
373 363
373 364
373 365
373 366
373 367
373 368
373 369
373 370
373 372
373 373
373 374
373 375
373 376
373 378
373 379
373 380
373 381
373 382
373 383
373 384
373 385
373 386
373 387
373 388
373 389
373 390
373 391
373 392
373 393
373 394
373 395
373 396
373 397
373 398
373 399
373 400
373 401
373 402
373 403
373 404
373 405
373 406
373 407
373 408
373 409
373 410
373 411
373 412
373 413
373 415
373 417
373 418
373 419
373 420
373 421
373 422
373 423
373 425
373 426
373 428
373 429
373 430
373 431
373 432
373 433
373 434
373 435
373 436
373 438
373 441
373 443
373 444
373 446
373 448
373 451
373 457
374 284
374 309
374 326
374 328
374 334
374 335
374 336
374 337
374 338
374 339
374 342
374 343
374 344
374 347
374 348
374 349
374 351
374 352
374 353
374 355
374 356
374 358
374 360
374 361
374 362
374 363
374 364
374 365
374 366
374 367
374 368
374 369
374 370
374 371
374 372
374 373
374 374
374 375
374 376
374 377
374 378
374 379
374 380
374 381
374 382
374 383
374 384
374 385
374 386
374 387
374 388
374 389
374 391
374 392
374 393
374 395
374 396
374 397
374 398
374 399
374 400
374 401
374 402
374 403
374 404
374 405
374 406
374 407
374 409
374 410
374 411
374 412
374 413
374 414
374 415
374 416
374 417
374 418
374 419
374 420
374 421
374 423
374 424
374 425
374 426
374 427
374 428
374 429
374 430
374 431
374 434
374 435
374 439
374 446
374 452
374 455
375 273
375 308
375 320
375 326
375 327
375 328
375 330
375 331
375 332
375 335
375 336
375 339
375 340
375 342
375 343
375 345
375 346
375 349
375 350
375 351
375 352
375 353
375 354
375 355
375 356
375 357
375 358
375 359
375 360
375 361
375 363
375 364
375 366
375 367
375 370
375 371
375 372
375 373
375 374
375 375
375 376
375 377
375 378
375 379
375 380
375 381
375 384
375 385
375 387
375 388
375 389
375 390
375 391
375 392
375 393
375 394
375 395
375 396
375 397
375 398
375 399
375 400
375 402
375 403
375 405
375 406
375 407
375 409
375 411
375 412
375 413
375 414
375 415
375 416
375 417
375 418
375 420
375 421
375 423
375 426
375 431
375 432
375 433
375 435
375 438
375 441
375 443
375 446
375 452
375 455
376 314
376 318
376 321
376 323
376 324
376 329
376 332
376 333
376 335
376 337
376 339
376 340
376 341
376 342
376 343
376 344
376 345
376 347
376 349
376 350
376 351
376 353
376 354
376 355
376 356
376 357
376 358
376 359
376 361
376 362
376 363
376 364
376 365
376 366
376 367
376 368
376 369
376 370
376 371
376 372
376 373
376 374
376 375
376 376
376 377
376 378
376 379
376 380
376 381
376 382
376 383
376 384
376 386
376 387
376 388
376 389
376 390
376 392
376 393
376 395
376 396
376 397
376 399
376 401
376 402
376 403
376 404
376 405
376 406
376 407
376 408
376 409
376 411
376 415
376 417
376 418
376 419
376 421
376 422
376 425
376 427
376 429
376 430
376 437
376 439
376 444
376 445
376 446
376 448
376 449
376 454
377 322
377 323
377 325
377 326
377 327
377 328
377 332
377 336
377 341
377 342
377 343
377 344
377 345
377 347
377 348
377 349
377 350
377 351
377 352
377 353
377 354
377 355
377 356
377 357
377 359
377 360
377 361
377 362
377 363
377 364
377 365
377 366
377 368
377 369
377 370
377 371
377 372
377 374
377 375
377 376
377 377
377 378
377 379
377 380
377 381
377 382
377 383
377 384
377 385
377 386
377 387
377 388
377 390
377 391
377 392
377 393
377 394
377 395
377 396
377 397
377 398
377 399
377 401
377 402
377 404
377 406
377 407
377 409
377 410
377 412
377 414
377 415
377 416
377 417
377 418
377 421
377 422
377 423
377 425
377 426
377 427
377 428
377 429
377 431
377 432
377 433
377 437
377 441
377 448
377 456
378 316
378 324
378 325
378 330
378 331
378 333
378 335
378 336
378 337
378 338
378 339
378 342
378 343
378 344
378 345
378 348
378 349
378 350
378 351
378 352
378 353
378 355
378 356
378 357
378 358
378 360
378 361
378 362
378 363
378 364
378 365
378 366
378 368
378 369
378 371
378 372
378 373
378 374
378 375
378 376
378 377
378 378
378 380
378 381
378 382
378 383
378 384
378 385
378 386
378 387
378 388
378 389
378 390
378 391
378 393
378 394
378 395
378 396
378 397
378 398
378 399
378 401
378 402
378 404
378 405
378 406
378 407
378 408
378 410
378 411
378 413
378 414
378 415
378 417
378 419
378 420
378 421
378 422
378 424
378 425
378 426
378 427
378 428
378 429
378 432
378 434
378 436
378 439
378 440
378 442
378 444
378 446
378 447
378 451
378 456
378 461
378 464
379 324
379 325
379 329
379 330
379 332
379 333
379 335
379 339
379 341
379 342
379 343
379 344
379 345
379 346
379 347
379 348
379 349
379 350
379 351
379 352
379 354
379 355
379 356
379 357
379 358
379 359
379 362
379 363
379 364
379 365
379 366
379 367
379 368
379 369
379 370
379 371
379 372
379 373
379 374
379 376
379 378
379 379
379 380
379 381
379 382
379 383
379 384
379 385
379 386
379 387
379 388
379 389
379 390
379 391
379 392
379 393
379 395
379 396
379 398
379 399
379 400
379 402
379 403
379 404
379 407
379 408
379 409
379 410
379 411
379 413
379 415
379 416
379 417
379 418
379 419
379 420
379 421
379 423
379 424
379 426
379 427
379 429
379 434
379 435
379 437
379 439
379 446
379 458
380 291
380 322
380 325
380 328
380 330
380 331
380 333
380 335
380 336
380 337
380 338
380 339
380 340
380 341
380 342
380 344
380 345
380 347
380 349
380 351
380 352
380 353
380 354
380 357
380 359
380 360
380 361
380 362
380 363
380 364
380 365
380 366
380 367
380 368
380 369
380 371
380 372
380 373
380 374
380 375
380 376
380 377
380 379
380 380
380 381
380 382
380 383
380 384
380 385
380 386
380 387
380 388
380 389
380 393
380 394
380 395
380 396
380 397
380 398
380 399
380 400
380 401
380 402
380 403
380 404
380 405
380 406
380 407
380 408
380 409
380 410
380 411
380 413
380 414
380 415
380 419
380 420
380 421
380 422
380 423
380 424
380 426
380 429
380 433
380 434
380 435
380 437
380 441
380 442
380 443
380 447
381 319
381 324
381 325
381 327
381 330
381 333
381 334
381 335
381 336
381 337
381 339
381 340
381 341
381 342
381 343
381 345
381 347
381 349
381 350
381 352
381 353
381 354
381 355
381 356
381 357
381 358
381 359
381 360
381 361
381 362
381 363
381 364
381 365
381 366
381 367
381 368
381 369
381 370
381 371
381 372
381 373
381 374
381 375
381 376
381 377
381 378
381 379
381 380
381 381
381 382
381 383
381 384
381 385
381 386
381 387
381 388
381 389
381 390
381 391
381 392
381 395
381 396
381 397
381 398
381 399
381 401
381 402
381 403
381 404
381 405
381 406
381 408
381 409
381 410
381 411
381 412
381 413
381 414
381 415
381 416
381 417
381 418
381 419
381 420
381 421
381 424
381 426
381 427
381 428
381 429
381 430
381 431
381 435
381 437
381 449
382 288
382 323
382 326
382 328
382 330
382 331
382 334
382 335
382 337
382 338
382 339
382 340
382 341
382 344
382 345
382 348
382 349
382 350
382 351
382 352
382 353
382 354
382 355
382 358
382 359
382 360
382 361
382 362
382 363
382 364
382 365
382 366
382 367
382 368
382 369
382 370
382 371
382 372
382 373
382 375
382 376
382 377
382 378
382 379
382 380
382 381
382 382
382 383
382 384
382 385
382 386
382 387
382 388
382 389
382 390
382 391
382 392
382 393
382 394
382 395
382 396
382 397
382 398
382 399
382 400
382 401
382 402
382 403
382 404
382 405
382 407
382 408
382 410
382 411
382 412
382 413
382 414
382 415
382 416
382 417
382 419
382 420
382 422
382 423
382 425
382 426
382 428
382 429
382 430
382 431
382 433
382 434
382 435
382 439
382 443
382 445
382 446
382 448
382 451
382 453
382 460
382 469
383 296
383 318
383 327
383 334
383 337
383 338
383 341
383 343
383 344
383 345
383 346
383 347
383 348
383 351
383 354
383 357
383 358
383 359
383 360
383 361
383 362
383 363
383 365
383 366
383 367
383 368
383 369
383 370
383 371
383 372
383 373
383 374
383 375
383 376
383 377
383 379
383 381
383 382
383 383
383 384
383 385
383 386
383 387
383 388
383 389
383 390
383 391
383 392
383 393
383 394
383 395
383 396
383 398
383 399
383 400
383 401
383 402
383 403
383 404
383 405
383 407
383 408
383 409
383 410
383 411
383 412
383 413
383 415
383 416
383 417
383 419
383 421
383 425
383 432
383 434
383 436
383 439
383 444
383 445
384 288
384 318
384 321
384 327
384 329
384 330
384 332
384 336
384 337
384 338
384 339
384 340
384 342
384 343
384 344
384 345
384 347
384 348
384 349
384 350
384 351
384 352
384 353
384 354
384 355
384 356
384 357
384 359
384 361
384 363
384 364
384 365
384 366
384 367
384 368
384 369
384 370
384 371
384 373
384 374
384 375
384 376
384 377
384 378
384 379
384 380
384 382
384 383
384 384
384 385
384 386
384 387
384 388
384 389
384 390
384 391
384 392
384 393
384 395
384 396
384 397
384 398
384 399
384 400
384 401
384 402
384 403
384 404
384 405
384 406
384 407
384 409
384 410
384 411
384 413
384 414
384 415
384 416
384 417
384 418
384 419
384 420
384 421
384 422
384 423
384 424
384 425
384 426
384 427
384 428
384 430
384 431
384 436
384 438
385 322
385 323
385 330
385 331
385 332
385 333
385 334
385 337
385 338
385 339
385 340
385 341
385 342
385 343
385 344
385 346
385 347
385 348
385 349
385 350
385 351
385 352
385 353
385 354
385 355
385 356
385 357
385 358
385 359
385 360
385 362
385 363
385 364
385 365
385 366
385 367
385 368
385 369
385 370
385 371
385 372
385 373
385 374
385 375
385 376
385 377
385 378
385 379
385 380
385 381
385 382
385 383
385 384
385 385
385 387
385 388
385 389
385 390
385 391
385 392
385 393
385 395
385 396
385 397
385 398
385 399
385 400
385 401
385 403
385 404
385 405
385 406
385 407
385 408
385 409
385 410
385 411
385 412
385 415
385 418
385 419
385 420
385 422
385 425
385 427
385 428
385 429
385 431
385 433
385 437
385 438
385 441
385 442
385 444
385 447
385 453
385 460
385 471
386 325
386 327
386 328
386 332
386 336
386 337
386 338
386 339
386 340
386 341
386 343
386 345
386 347
386 349
386 350
386 353
386 354
386 355
386 356
386 357
386 358
386 359
386 361
386 363
386 364
386 366
386 367
386 368
386 369
386 370
386 371
386 372
386 373
386 374
386 375
386 376
386 377
386 379
386 381
386 382
386 383
386 384
386 385
386 386
386 387
386 389
386 390
386 391
386 392
386 393
386 394
386 397
386 399
386 402
386 403
386 404
386 405
386 406
386 407
386 408
386 409
386 411
386 414
386 415
386 417
386 418
386 419
386 423
386 425
386 426
386 429
386 430
386 432
386 434
386 435
386 438
386 445
386 458
386 461
387 321
387 323
387 325
387 326
387 329
387 330
387 331
387 334
387 337
387 340
387 342
387 344
387 345
387 346
387 347
387 349
387 351
387 352
387 353
387 355
387 356
387 357
387 360
387 361
387 362
387 363
387 365
387 366
387 367
387 368
387 369
387 370
387 371
387 372
387 374
387 375
387 376
387 377
387 378
387 379
387 380
387 381
387 382
387 384
387 385
387 388
387 389
387 390
387 391
387 392
387 393
387 394
387 395
387 396
387 397
387 398
387 399
387 400
387 401
387 402
387 403
387 404
387 406
387 407
387 408
387 409
387 410
387 411
387 412
387 413
387 414
387 415
387 416
387 417
387 420
387 421
387 422
387 423
387 425
387 428
387 431
387 432
387 433
387 435
387 436
387 437
387 438
387 443
387 446
387 450
388 320
388 324
388 325
388 330
388 331
388 337
388 339
388 340
388 345
388 347
388 348
388 349
388 350
388 351
388 352
388 353
388 355
388 356
388 357
388 358
388 359
388 360
388 362
388 363
388 364
388 365
388 366
388 368
388 370
388 371
388 372
388 373
388 374
388 375
388 376
388 377
388 378
388 379
388 380
388 381
388 382
388 383
388 384
388 385
388 387
388 388
388 389
388 391
388 393
388 394
388 396
388 397
388 399
388 400
388 401
388 402
388 403
388 404
388 405
388 406
388 407
388 408
388 410
388 413
388 414
388 415
388 417
388 418
388 419
388 422
388 424
388 425
388 426
388 428
388 430
388 434
388 437
388 444
388 462
389 321
389 325
389 331
389 335
389 336
389 337
389 339
389 343
389 344
389 345
389 346
389 347
389 348
389 349
389 350
389 352
389 353
389 354
389 356
389 357
389 358
389 359
389 360
389 361
389 362
389 364
389 365
389 366
389 367
389 368
389 369
389 370
389 371
389 372
389 374
389 375
389 376
389 379
389 380
389 381
389 382
389 383
389 384
389 385
389 386
389 388
389 389
389 390
389 391
389 392
389 393
389 394
389 395
389 396
389 397
389 398
389 399
389 400
389 401
389 403
389 405
389 406
389 408
389 409
389 410
389 412
389 414
389 415
389 416
389 417
389 418
389 419
389 420
389 421
389 422
389 423
389 424
389 426
389 427
389 428
389 429
389 433
389 435
389 438
389 440
389 446
389 449
390 308
390 316
390 322
390 333
390 336
390 337
390 340
390 342
390 344
390 347
390 348
390 349
390 350
390 351
390 352
390 354
390 355
390 357
390 358
390 359
390 362
390 363
390 364
390 365
390 366
390 367
390 368
390 369
390 372
390 373
390 374
390 375
390 376
390 377
390 378
390 379
390 381
390 383
390 384
390 385
390 386
390 387
390 388
390 389
390 390
390 392
390 393
390 394
390 395
390 396
390 397
390 398
390 399
390 400
390 401
390 402
390 403
390 404
390 405
390 406
390 407
390 408
390 409
390 411
390 412
390 415
390 419
390 420
390 421
390 423
390 424
390 425
390 426
390 427
390 429
390 431
390 435
390 438
390 473
391 313
391 325
391 328
391 331
391 332
391 338
391 340
391 341
391 342
391 343
391 345
391 349
391 351
391 352
391 353
391 354
391 355
391 356
391 357
391 359
391 360
391 361
391 362
391 363
391 364
391 365
391 366
391 367
391 368
391 369
391 370
391 371
391 372
391 373
391 374
391 375
391 376
391 377
391 378
391 379
391 380
391 381
391 382
391 383
391 384
391 385
391 386
391 387
391 388
391 390
391 391
391 392
391 393
391 394
391 395
391 396
391 397
391 398
391 399
391 400
391 401
391 402
391 403
391 404
391 406
391 407
391 408
391 409
391 410
391 411
391 412
391 414
391 415
391 418
391 421
391 423
391 425
391 427
391 433
391 438
391 439
391 442
391 443
391 447
391 448
391 462
391 473
392 319
392 320
392 325
392 330
392 331
392 332
392 334
392 335
392 342
392 344
392 346
392 347
392 348
392 349
392 351
392 353
392 356
392 357
392 358
392 359
392 360
392 361
392 365
392 367
392 368
392 369
392 371
392 373
392 374
392 375
392 376
392 377
392 378
392 379
392 380
392 381
392 383
392 385
392 386
392 388
392 389
392 390
392 391
392 392
392 394
392 395
392 397
392 398
392 399
392 400
392 401
392 403
392 404
392 406
392 407
392 408
392 409
392 412
392 413
392 416
392 417
392 418
392 419
392 420
392 422
392 423
392 425
392 427
392 430
392 435
392 436
392 437
392 438
392 471
393 298
393 322
393 329
393 331
393 332
393 334
393 335
393 336
393 338
393 341
393 344
393 347
393 349
393 350
393 351
393 352
393 353
393 354
393 355
393 356
393 357
393 358
393 359
393 361
393 362
393 363
393 364
393 365
393 366
393 367
393 369
393 371
393 374
393 375
393 376
393 377
393 378
393 379
393 380
393 382
393 383
393 384
393 385
393 386
393 387
393 388
393 389
393 390
393 392
393 393
393 394
393 396
393 397
393 399
393 401
393 402
393 403
393 406
393 410
393 411
393 412
393 413
393 415
393 416
393 418
393 421
393 424
393 425
393 426
393 427
393 428
393 430
393 431
393 432
393 433
393 434
393 439
393 440
393 441
393 444
393 458
393 462
394 304
394 318
394 334
394 336
394 340
394 341
394 343
394 344
394 345
394 346
394 347
394 348
394 350
394 351
394 355
394 357
394 358
394 359
394 360
394 361
394 362
394 363
394 365
394 367
394 368
394 369
394 371
394 372
394 373
394 375
394 376
394 377
394 379
394 381
394 383
394 384
394 387
394 388
394 389
394 390
394 391
394 392
394 395
394 396
394 397
394 398
394 399
394 400
394 401
394 402
394 403
394 404
394 405
394 406
394 407
394 408
394 409
394 410
394 413
394 414
394 415
394 416
394 417
394 419
394 420
394 422
394 428
394 430
394 433
394 435
394 436
394 444
394 447
394 454
394 471
395 319
395 336
395 338
395 339
395 341
395 343
395 344
395 345
395 346
395 347
395 350
395 351
395 353
395 354
395 355
395 356
395 357
395 358
395 359
395 361
395 364
395 365
395 366
395 367
395 368
395 369
395 370
395 371
395 372
395 373
395 374
395 375
395 377
395 378
395 379
395 380
395 381
395 382
395 383
395 385
395 386
395 388
395 389
395 390
395 391
395 392
395 393
395 394
395 396
395 399
395 400
395 401
395 404
395 405
395 407
395 408
395 409
395 410
395 411
395 412
395 413
395 415
395 417
395 419
395 423
395 427
395 431
395 436
395 437
395 438
395 440
395 443
395 445
395 451
395 452
396 324
396 328
396 331
396 335
396 340
396 343
396 348
396 350
396 351
396 352
396 353
396 355
396 356
396 357
396 358
396 359
396 361
396 362
396 365
396 366
396 367
396 368
396 369
396 370
396 371
396 372
396 373
396 374
396 376
396 377
396 378
396 380
396 382
396 383
396 384
396 385
396 386
396 387
396 388
396 389
396 391
396 395
396 396
396 398
396 399
396 401
396 402
396 403
396 404
396 405
396 407
396 408
396 409
396 412
396 414
396 415
396 416
396 418
396 419
396 421
396 422
396 423
396 424
396 426
396 427
396 430
396 432
396 438
397 321
397 325
397 326
397 335
397 337
397 338
397 339
397 340
397 341
397 343
397 344
397 346
397 349
397 351
397 352
397 353
397 354
397 355
397 357
397 358
397 360
397 362
397 363
397 364
397 365
397 366
397 368
397 369
397 370
397 371
397 372
397 373
397 374
397 375
397 376
397 378
397 380
397 381
397 383
397 385
397 387
397 389
397 391
397 392
397 393
397 395
397 396
397 398
397 399
397 400
397 401
397 403
397 404
397 406
397 407
397 408
397 409
397 410
397 411
397 412
397 413
397 414
397 415
397 416
397 418
397 420
397 422
397 423
397 426
397 428
397 429
397 431
397 433
397 434
397 435
397 438
397 442
397 444
397 448
397 455
398 322
398 343
398 344
398 348
398 351
398 354
398 355
398 356
398 357
398 358
398 359
398 360
398 361
398 362
398 363
398 364
398 365
398 366
398 367
398 368
398 370
398 371
398 372
398 373
398 374
398 376
398 377
398 378
398 379
398 380
398 382
398 384
398 385
398 386
398 387
398 388
398 390
398 392
398 393
398 394
398 395
398 396
398 397
398 399
398 400
398 402
398 403
398 404
398 405
398 408
398 409
398 410
398 411
398 413
398 416
398 419
398 420
398 421
398 422
398 425
398 427
398 429
398 430
398 436
398 437
398 440
398 444
398 448
399 324
399 325
399 335
399 336
399 337
399 338
399 339
399 340
399 345
399 347
399 348
399 349
399 350
399 351
399 352
399 353
399 356
399 357
399 360
399 362
399 363
399 365
399 367
399 368
399 369
399 371
399 373
399 378
399 380
399 383
399 384
399 385
399 386
399 388
399 389
399 390
399 391
399 393
399 395
399 396
399 397
399 399
399 400
399 401
399 402
399 405
399 406
399 407
399 408
399 412
399 414
399 416
399 417
399 419
399 421
399 423
399 424
399 425
399 428
399 429
399 430
399 433
399 436
399 437
399 450
399 469
400 311
400 325
400 327
400 329
400 332
400 341
400 342
400 343
400 345
400 347
400 348
400 351
400 352
400 353
400 354
400 355
400 356
400 357
400 358
400 359
400 360
400 361
400 363
400 364
400 365
400 366
400 367
400 368
400 369
400 370
400 371
400 372
400 373
400 374
400 375
400 376
400 377
400 378
400 380
400 381
400 382
400 383
400 385
400 387
400 390
400 392
400 393
400 394
400 395
400 397
400 398
400 399
400 400
400 402
400 403
400 404
400 405
400 406
400 407
400 409
400 410
400 411
400 412
400 413
400 415
400 417
400 418
400 422
400 423
400 424
400 431
400 444
400 447
400 471
401 338
401 344
401 345
401 346
401 348
401 350
401 351
401 353
401 354
401 356
401 357
401 358
401 360
401 361
401 362
401 363
401 365
401 367
401 368
401 371
401 372
401 375
401 376
401 377
401 378
401 379
401 381
401 384
401 385
401 386
401 387
401 388
401 390
401 391
401 392
401 393
401 394
401 395
401 397
401 399
401 401
401 402
401 403
401 404
401 406
401 408
401 409
401 410
401 413
401 414
401 415
401 418
401 420
401 424
401 426
401 429
401 431
401 435
401 436
401 440
401 445
401 457
402 314
402 330
402 331
402 333
402 339
402 342
402 344
402 347
402 350
402 352
402 354
402 356
402 357
402 358
402 360
402 361
402 366
402 367
402 368
402 369
402 370
402 371
402 372
402 373
402 374
402 375
402 376
402 377
402 378
402 379
402 380
402 381
402 382
402 384
402 385
402 386
402 387
402 388
402 389
402 390
402 391
402 393
402 394
402 395
402 396
402 397
402 398
402 399
402 400
402 401
402 402
402 403
402 404
402 405
402 406
402 407
402 408
402 410
402 411
402 412
402 413
402 414
402 416
402 417
402 420
402 427
402 428
402 429
402 433
402 437
402 446
403 335
403 336
403 338
403 339
403 340
403 341
403 342
403 343
403 346
403 347
403 349
403 351
403 352
403 353
403 354
403 355
403 359
403 360
403 361
403 362
403 363
403 364
403 365
403 366
403 367
403 370
403 371
403 372
403 373
403 375
403 376
403 377
403 379
403 380
403 381
403 382
403 384
403 385
403 387
403 388
403 389
403 391
403 392
403 393
403 394
403 396
403 397
403 398
403 400
403 402
403 403
403 404
403 406
403 408
403 409
403 410
403 411
403 413
403 417
403 418
403 422
403 423
403 431
403 432
403 438
404 331
404 335
404 337
404 340
404 341
404 343
404 344
404 345
404 347
404 348
404 349
404 351
404 352
404 353
404 359
404 362
404 363
404 364
404 366
404 367
404 368
404 369
404 370
404 371
404 372
404 373
404 374
404 375
404 376
404 377
404 378
404 380
404 382
404 384
404 385
404 386
404 387
404 388
404 389
404 390
404 391
404 393
404 394
404 395
404 396
404 398
404 401
404 402
404 405
404 406
404 407
404 408
404 409
404 410
404 411
404 412
404 413
404 414
404 415
404 416
404 417
404 418
404 420
404 422
404 426
404 434
404 437
404 444
404 446
405 327
405 340
405 342
405 344
405 346
405 347
405 349
405 354
405 355
405 356
405 357
405 358
405 359
405 360
405 361
405 362
405 363
405 366
405 367
405 370
405 371
405 374
405 375
405 377
405 378
405 380
405 381
405 382
405 383
405 384
405 386
405 387
405 389
405 391
405 392
405 394
405 395
405 398
405 399
405 400
405 401
405 402
405 403
405 404
405 405
405 408
405 414
405 415
405 419
405 422
405 424
405 425
405 426
405 427
405 429
405 433
405 434
405 435
405 436
405 437
405 441
405 443
406 325
406 332
406 337
406 340
406 345
406 347
406 349
406 352
406 354
406 355
406 356
406 358
406 362
406 364
406 367
406 368
406 369
406 371
406 374
406 376
406 377
406 378
406 379
406 380
406 381
406 383
406 384
406 385
406 386
406 387
406 388
406 390
406 391
406 393
406 396
406 397
406 398
406 400
406 402
406 403
406 405
406 406
406 407
406 408
406 411
406 412
406 413
406 417
406 428
406 435
406 437
407 330
407 336
407 338
407 342
407 351
407 352
407 353
407 354
407 356
407 358
407 359
407 360
407 361
407 364
407 365
407 366
407 367
407 370
407 371
407 372
407 373
407 375
407 376
407 377
407 379
407 381
407 383
407 384
407 385
407 387
407 388
407 390
407 391
407 393
407 394
407 395
407 397
407 399
407 402
407 404
407 406
407 409
407 410
407 411
407 413
407 414
407 416
407 417
407 418
407 419
407 420
407 422
407 429
407 431
407 435
408 333
408 339
408 345
408 348
408 349
408 350
408 351
408 353
408 357
408 361
408 362
408 364
408 365
408 368
408 370
408 373
408 375
408 376
408 377
408 378
408 379
408 380
408 381
408 383
408 384
408 385
408 387
408 388
408 390
408 391
408 392
408 393
408 394
408 395
408 396
408 397
408 398
408 400
408 401
408 402
408 405
408 406
408 407
408 408
408 412
408 413
408 414
408 416
408 417
408 418
408 423
408 424
408 425
408 426
408 429
408 434
409 331
409 337
409 339
409 341
409 346
409 347
409 353
409 357
409 359
409 360
409 361
409 362
409 363
409 365
409 369
409 372
409 373
409 375
409 376
409 378
409 380
409 381
409 383
409 386
409 388
409 389
409 391
409 392
409 393
409 395
409 397
409 398
409 399
409 400
409 402
409 404
409 407
409 410
409 411
409 412
409 413
409 415
409 416
409 429
409 432
409 438
409 441
410 336
410 342
410 348
410 350
410 351
410 352
410 363
410 364
410 365
410 367
410 368
410 370
410 372
410 373
410 374
410 378
410 379
410 381
410 384
410 388
410 391
410 393
410 394
410 397
410 399
410 400
410 401
410 402
410 404
410 405
410 406
410 416
410 417
410 420
410 421
410 423
410 425
410 427
411 317
411 324
411 328
411 330
411 343
411 345
411 349
411 351
411 352
411 355
411 356
411 357
411 358
411 359
411 360
411 361
411 362
411 363
411 364
411 366
411 367
411 368
411 370
411 372
411 374
411 375
411 376
411 380
411 382
411 383
411 384
411 385
411 386
411 389
411 390
411 391
411 395
411 399
411 402
411 404
411 405
411 406
411 407
411 408
411 409
411 413
411 414
411 415
411 430
411 433
411 436
411 437
411 439
411 446
412 330
412 336
412 340
412 343
412 354
412 359
412 363
412 366
412 367
412 369
412 370
412 371
412 374
412 377
412 379
412 380
412 382
412 384
412 386
412 390
412 394
412 396
412 399
412 401
412 402
412 403
412 407
412 408
412 411
412 413
412 414
412 416
412 419
412 422
412 423
412 427
412 428
412 433
412 434
412 437
412 440
413 321
413 329
413 338
413 345
413 351
413 356
413 357
413 359
413 360
413 362
413 363
413 365
413 366
413 367
413 368
413 369
413 370
413 371
413 373
413 374
413 375
413 376
413 378
413 379
413 380
413 382
413 383
413 384
413 385
413 386
413 389
413 393
413 394
413 397
413 400
413 401
413 402
413 403
413 404
413 406
413 407
413 409
413 412
413 413
413 415
413 418
413 419
413 424
413 425
413 428
413 438
413 444
413 448
414 345
414 347
414 350
414 354
414 355
414 356
414 359
414 360
414 363
414 364
414 365
414 366
414 367
414 373
414 378
414 379
414 381
414 382
414 387
414 388
414 389
414 391
414 392
414 394
414 395
414 396
414 400
414 401
414 402
414 405
414 406
414 409
414 410
414 411
414 412
414 413
414 415
414 420
414 424
414 428
414 443
414 448
415 331
415 344
415 346
415 348
415 351
415 358
415 359
415 360
415 361
415 365
415 366
415 369
415 370
415 371
415 375
415 379
415 383
415 384
415 387
415 389
415 390
415 391
415 396
415 398
415 399
415 400
415 401
415 402
415 406
415 410
415 411
415 413
415 415
415 421
415 425
415 426
415 427
415 428
415 449
416 321
416 334
416 352
416 359
416 360
416 362
416 369
416 371
416 372
416 373
416 374
416 375
416 376
416 377
416 378
416 380
416 381
416 382
416 385
416 387
416 389
416 390
416 391
416 394
416 396
416 398
416 409
416 417
416 424
416 428
416 434
417 344
417 346
417 348
417 354
417 355
417 358
417 360
417 362
417 365
417 367
417 369
417 375
417 377
417 378
417 379
417 381
417 382
417 383
417 387
417 389
417 392
417 397
417 399
417 401
417 403
417 406
417 407
417 412
417 423
417 429
417 439
417 443
417 452
418 318
418 328
418 340
418 346
418 358
418 360
418 361
418 363
418 367
418 368
418 370
418 371
418 372
418 373
418 375
418 380
418 381
418 382
418 383
418 385
418 388
418 392
418 394
418 401
418 402
418 408
418 413
418 419
418 422
418 427
418 430
418 436
419 346
419 361
419 363
419 367
419 370
419 372
419 374
419 377
419 388
419 389
419 390
419 395
419 396
419 399
419 403
419 405
419 414
419 417
419 422
419 434
420 357
420 361
420 363
420 369
420 370
420 371
420 374
420 377
420 379
420 381
420 382
420 391
420 392
420 394
420 396
420 399
420 406
420 407
420 411
420 417
420 429
420 434
420 446
420 447
421 324
421 348
421 349
421 354
421 356
421 357
421 364
421 383
421 384
421 386
421 387
421 388
421 389
421 395
421 400
421 401
421 404
421 409
421 416
421 419
421 428
421 447
422 325
422 341
422 350
422 365
422 367
422 368
422 371
422 376
422 380
422 381
422 386
422 391
422 393
422 394
422 402
422 406
422 407
422 410
422 417
422 419
422 421
422 426
422 428
423 361
423 369
423 371
423 374
423 379
423 380
423 386
423 387
423 389
423 390
423 400
423 401
423 410
423 411
423 415
423 423
423 454
424 347
424 354
424 357
424 360
424 362
424 363
424 365
424 366
424 376
424 381
424 382
424 384
424 385
424 391
424 395
424 397
424 399
424 402
424 418
424 422
424 425
424 433
425 364
425 366
425 386
425 387
425 390
425 395
425 404
425 410
425 412
425 417
425 423
425 429
426 361
426 366
426 369
426 370
426 375
426 379
426 385
426 386
426 390
426 391
426 397
426 402
426 435
426 438
427 319
427 355
427 357
427 368
427 377
427 380
427 383
427 390
427 398
427 400
427 403
427 411
427 419
427 426
427 435
428 358
428 363
428 366
428 373
428 388
428 401
428 403
428 414
428 425
429 342
429 352
429 357
429 366
429 370
429 390
429 408
429 411
429 437
430 375
430 378
430 382
430 383
430 397
430 404
430 412
430 415
431 342
431 402
431 413
431 421
431 432
431 451
432 356
432 377
432 381
432 389
432 403
432 409
432 412
432 414
432 427
433 329
433 354
433 364
433 382
433 385
433 395
433 396
433 410
433 438
434 347
434 410
434 416
435 407
435 422
436 355
436 365
436 367
437 362
437 391
437 394
438 341
440 371
440 415
441 408
442 373
442 405
442 408
443 347
443 376
443 390
444 382
444 405
445 405
445 411
445 437
447 377
449 419
456 424
