1 0
1 0
1 0
1 0
1 0
1 0
1 0
1 0
2 0
4 0
5 0
12 0
17 0
21 0
26 0
36 0
45 1
49 1
70 1
77 2
85 2
105 2
136 3
163 4
191 5
219 5
244 6
300 7
372 9
443 11
545 14
663 17
786 21
953 24
1109 29
1305 36
1525 40
1816 48
2151 55
2512 66
2915 75
3349 90
3847 99
4452 114
5157 129
5933 145
6740 159
7599 169
8528 184
9458 200
10493 214
11568 226
12674 246
13788 261
14958 278
16084 292
17317 309
18595 326
19758 339
21032 347
22267 374
23654 379
24977 394
26310 406
27669 430
29093 452
30512 474
31896 506
33378 528
34945 527
36486 545
38096 648
39627 612
41288 641
42932 705
44559 678
46199 695
47760 695
49549 733
51249 752
52921 751
54660 805
56463 821
58238 848
60145 882
61951 987
63836 895
65630 897
67485 993
69427 1064
71382 1087
73414 1117
75358 1146
77321 1172
79425 1194
81327 1218
83383 1250
85305 1276
87331 1308
89246 1339
91141 1367
93180 1406
95071 1428
97081 1456
98896 1481
100735 1525
102558 1549
104430 1584
106278 1616
108145 1647
109970 1688
111827 1712
113860 1743
115660 1779
117503 1809
119275 1842
121028 1880
122716 1919
124618 1958
126460 1982
128317 2023
130267 2053
131974 2093
133762 2132
135480 2171
137293 2196
138929 2244
140597 2276
142249 2310
143899 2334
145604 2379
147241 2416
148915 2444
150516 2484
152129 2521
153651 2549
155227 2581
156765 2618
158277 2651
159665 2712
161185 2743
162528 2756
164051 2789
165371 2823
166586 2848
167950 2900
169269 2940
170732 2940
172092 2973
173344 2989
174589 3032
176032 3060
177277 3090
178424 3115
179598 3143
180735 3181
181717 3211
182838 3240
184000 3269
185100 3292
186153 3327
187086 3347
188193 3373
189297 3396
190324 3426
191311 3459
192314 3487
193106 3513
194202 3549
195188 3561
