1024
492 497 10
492 509 10
493 498 10
494 508 10
495 498 10
495 509 10
495 517 10
496 511 10
496 514 10
496 517 10
496 520 10
497 505 10
497 507 10
497 516 10
497 519 10
498 511 10
498 512 10
498 514 10
498 515 10
498 517 10
498 521 10
498 522 10
499 487 10
499 495 10
499 496 10
499 506 10
499 507 10
499 512 10
499 513 10
499 514 10
499 518 10
499 520 10
500 485 10
500 493 10
500 494 10
500 504 10
500 508 10
500 511 10
500 513 10
500 514 10
500 515 10
500 516 10
500 517 10
500 518 10
500 519 10
500 521 10
501 487 10
501 507 10
501 508 10
501 509 10
501 511 10
501 513 10
501 514 10
501 515 10
501 516 10
501 520 10
501 521 10
502 486 10
502 488 10
502 491 10
502 495 10
502 505 10
502 511 10
502 512 10
502 513 10
502 514 10
502 518 10
502 520 10
502 522 10
503 493 10
503 496 10
503 505 10
503 506 10
503 508 10
503 510 10
503 515 10
503 516 10
503 520 10
503 522 10
504 486 10
504 489 10
504 491 10
504 494 10
504 495 10
504 496 10
504 506 10
504 507 10
504 510 10
504 511 10
504 512 10
504 514 10
504 515 10
504 522 10
505 477 10
505 493 10
505 494 10
505 495 10
505 497 10
505 507 10
505 508 10
505 510 10
505 513 10
505 514 10
505 519 10
505 520 10
506 473 10
506 487 10
506 488 10
506 489 10
506 490 10
506 491 10
506 493 10
506 505 10
506 506 10
506 508 10
506 510 10
506 511 10
506 513 10
506 516 10
507 474 10
507 477 10
507 480 10
507 481 10
507 483 10
507 493 10
507 494 10
507 503 10
507 504 10
507 505 10
507 506 10
507 508 10
507 512 10
507 514 10
507 515 10
507 517 10
508 473 10
508 474 10
508 475 10
508 476 10
508 478 10
508 479 10
508 480 10
508 493 10
508 501 10
508 504 10
508 506 10
508 507 10
508 509 10
508 510 10
508 511 10
508 512 10
508 513 100000
508 514 10
508 516 10
508 517 10
508 518 10
508 520 10
509 479 10
509 481 10
509 494 10
509 495 10
509 496 10
509 497 10
509 502 10
509 504 10
509 505 10
509 506 10
509 507 10
509 508 10
509 511 10
509 512 10
509 514 10
509 515 10
510 474 10
510 475 10
510 479 10
510 481 10
510 484 10
510 486 10
510 488 10
510 489 10
510 491 10
510 493 10
510 494 10
510 496 10
510 501 10
510 504 10
510 505 10
510 506 10
510 508 10
510 509 10
510 511 10
510 512 10
510 515 10
510 518 10
510 519 10
510 520 10
511 471 10
511 488 10
511 492 10
511 494 10
511 497 10
511 503 10
511 505 10
511 507 10
511 508 10
511 509 10
511 512 10
511 513 10
511 517 10
511 518 10
511 522 10
512 473 10
512 478 10
512 482 10
512 484 10
512 485 10
512 486 10
512 487 10
512 488 10
512 493 10
512 503 10
512 505 10
512 506 10
512 507 10
512 508 10
512 510 10
512 512 10
512 513 10
512 514 10
512 515 10
512 516 10
513 476 10
513 490 10
513 491 10
513 496 10
513 508 10
513 509 10
513 510 10
513 511 10
513 512 10
513 513 10
513 514 10
513 515 10
513 519 10
513 521 10
513 524 10
514 485 10
514 491 10
514 492 10
514 500 10
514 506 10
514 507 10
514 508 10
514 509 10
514 510 10
514 511 10
514 512 10
514 514 10
514 515 10
514 516 10
514 519 10
514 520 10
514 521 10
514 522 10
515 468 10
515 474 10
515 476 10
515 478 10
515 485 10
515 487 10
515 492 10
515 499 10
515 502 10
515 503 10
515 504 10
515 506 10
515 507 10
515 508 10
515 509 10
515 511 10
515 512 10
515 514 10
515 516 10
515 518 10
515 519 10
515 521 10
515 522 10
516 471 10
516 473 10
516 474 10
516 476 10
516 485 10
516 487 10
516 494 10
516 498 10
516 499 10
516 500 10
516 505 10
516 506 10
516 507 10
516 508 10
516 509 10
516 510 10
516 511 10
516 512 10
516 514 10
516 519 10
516 520 10
516 522 10
516 523 10
517 477 10
517 492 10
517 494 10
517 497 10
517 498 10
517 501 10
517 502 10
517 504 10
517 506 10
517 507 10
517 511 10
517 512 10
517 513 10
517 515 10
517 518 10
517 520 10
517 521 10
518 472 10
518 474 10
518 486 10
518 492 10
518 500 10
518 502 10
518 504 10
518 505 10
518 507 10
518 509 10
518 515 10
518 517 10
518 521 10
518 522 10
519 495 10
519 500 10
519 503 10
519 505 10
519 508 10
519 510 10
519 511 10
519 512 10
519 516 10
519 517 10
520 500 10
520 501 10
520 505 10
520 506 10
520 508 10
520 512 10
520 516 10
520 518 10
521 496 10
521 500 10
521 501 10
521 502 10
521 506 10
521 511 10
521 512 10
521 513 10
521 514 10
521 515 10
521 517 10
521 518 10
522 501 10
522 503 10
522 504 10
522 505 10
522 509 10
522 514 10
522 515 10
522 516 10
522 519 10
523 496 10
523 501 10
523 503 10
523 506 10
523 509 10
523 510 10
523 512 10
523 514 10
523 515 10
523 517 10
523 519 10
524 496 10
524 502 10
524 503 10
524 510 10
524 511 10
524 515 10
524 516 10
524 517 10
524 523 10
525 512 10
525 514 10
526 509 10
526 510 10
526 511 10
526 513 10
526 519 10
526 522 10
527 515 10
527 520 10
527 522 10
528 520 10
530 511 10
530 513 10
531 509 10
531 512 10
