1024
481 484 10
481 486 10
481 487 10
482 464 10
482 465 10
482 497 10
483 468 10
483 470 10
483 477 10
483 479 10
483 480 10
484 464 10
484 466 10
484 467 10
484 468 10
484 477 10
484 479 10
484 483 10
484 487 10
484 492 10
485 465 10
485 472 10
485 475 10
485 477 10
485 479 10
485 485 10
485 486 10
485 488 10
486 466 10
486 467 10
486 468 10
486 478 10
486 483 10
486 486 10
487 468 10
487 470 10
487 473 10
487 477 10
487 482 10
487 487 10
488 469 10
488 485 10
488 486 10
488 495 10
489 466 10
489 468 10
489 475 10
489 488 10
489 492 10
489 495 10
490 494 10
491 467 10
491 492 10
491 495 10
492 475 10
492 481 10
492 488 10
492 490 10
492 491 10
492 495 10
492 496 10
493 481 10
493 488 10
493 489 10
493 495 10
493 497 10
494 486 10
494 488 10
494 495 10
495 486 10
495 493 10
495 494 10
495 496 10
495 503 10
495 504 10
495 505 10
495 508 10
496 498 10
496 506 10
496 507 10
497 496 10
497 507 10
498 485 10
498 499 10
498 500 10
498 502 10
498 503 10
498 505 10
498 506 10
498 510 10
499 480 10
499 481 10
499 482 10
499 488 10
499 498 10
499 500 10
499 501 10
499 503 10
499 508 10
500 481 10
500 483 10
500 487 10
500 493 10
500 498 10
500 499 10
500 502 10
500 503 10
500 506 10
500 511 10
500 512 10
500 513 10
501 480 10
501 481 10
501 483 10
501 487 10
501 488 10
501 489 10
501 493 10
501 494 10
501 495 10
501 496 10
501 497 10
501 498 10
501 499 10
501 502 10
501 503 10
501 504 10
501 507 10
501 509 10
501 510 10
501 511 10
501 514 10
501 515 10
501 516 10
502 479 10
502 489 10
502 492 10
502 494 10
502 496 10
502 497 10
502 499 10
502 500 10
502 501 10
502 502 10
502 504 10
502 508 10
502 509 10
502 510 10
502 511 10
502 515 10
503 481 10
503 482 10
503 483 10
503 484 10
503 485 10
503 487 10
503 488 10
503 490 10
503 492 10
503 493 10
503 496 10
503 497 10
503 498 10
503 499 10
503 500 10
503 508 10
503 511 10
503 512 10
503 513 10
503 514 10
503 515 10
503 516 10
504 477 10
504 478 10
504 480 10
504 481 10
504 482 10
504 486 10
504 488 10
504 490 10
504 491 10
504 492 10
504 493 10
504 494 10
504 495 10
504 496 10
504 497 10
504 502 10
504 504 10
504 505 10
504 506 10
504 507 10
504 508 10
504 509 10
504 510 10
504 512 10
504 514 10
504 515 10
504 532 10
505 476 10
505 477 10
505 478 10
505 479 10
505 486 10
505 487 10
505 489 10
505 490 10
505 491 10
505 492 10
505 495 10
505 496 10
505 498 10
505 499 10
505 505 10
505 506 10
505 507 10
505 508 10
505 509 10
505 511 100000
505 512 10
505 513 10
505 515 10
505 521 10
506 476 10
506 477 10
506 479 10
506 480 10
506 481 10
506 487 10
506 489 10
506 490 10
506 492 10
506 493 10
506 494 10
506 497 10
506 504 10
506 505 10
506 506 10
506 507 10
506 508 10
506 509 10
506 511 10
506 512 10
506 514 10
506 516 10
506 523 10
506 532 10
507 478 10
507 486 10
507 489 10
507 491 10
507 497 10
507 501 10
507 503 10
507 504 10
507 505 10
507 506 10
507 507 10
507 508 10
507 509 10
507 510 10
507 511 10
507 512 10
507 534 10
507 535 10
508 470 10
508 471 10
508 473 10
508 478 10
508 480 10
508 482 10
508 489 10
508 490 10
508 493 10
508 495 10
508 497 10
508 498 10
508 506 10
508 507 10
508 508 10
508 509 10
508 511 10
508 512 10
508 522 10
508 523 10
508 524 10
508 525 10
509 473 10
509 481 10
509 482 10
509 485 10
509 489 10
509 490 10
509 491 10
509 492 10
509 494 10
509 498 10
509 499 10
509 501 10
509 504 10
509 506 10
509 508 10
509 510 10
509 511 10
509 512 10
509 520 10
509 522 10
509 524 10
509 529 10
509 533 10
510 469 10
510 482 10
510 488 10
510 489 10
510 490 10
510 492 10
510 493 10
510 495 10
510 497 10
510 498 10
510 502 10
510 504 10
510 505 10
510 507 10
510 508 10
510 510 10
510 511 10
510 512 10
510 513 10
510 514 10
510 515 10
510 519 10
510 521 10
510 524 10
511 474 10
511 475 10
511 477 10
511 478 10
511 479 10
511 480 10
511 486 10
511 487 10
511 489 10
511 490 10
511 491 10
511 492 10
511 493 10
511 494 10
511 495 10
511 496 10
511 498 10
511 499 10
511 500 10
511 502 10
511 504 10
511 507 10
511 508 10
511 509 10
511 511 10
511 512 10
511 513 10
511 514 10
511 518 10
511 538 10
512 471 10
512 487 10
512 488 10
512 491 10
512 492 10
512 494 10
512 495 10
512 498 10
512 499 10
512 500 10
512 501 10
512 502 10
512 503 10
512 504 10
512 505 10
512 506 10
512 507 10
512 508 10
512 509 10
512 511 10
512 512 10
512 513 10
512 514 10
512 518 10
512 520 10
512 522 10
512 523 10
512 527 10
513 479 10
513 481 10
513 483 10
513 484 10
513 485 10
513 486 10
513 487 10
513 488 10
513 489 10
513 490 10
513 492 10
513 493 10
513 494 10
513 495 10
513 496 10
513 499 10
513 500 10
513 501 10
513 502 10
513 504 10
513 505 10
513 506 10
513 508 10
513 509 10
513 511 10
513 512 10
513 514 10
513 517 10
513 518 10
513 519 10
513 520 10
513 521 10
513 524 10
513 525 10
513 527 10
513 528 10
514 483 10
514 485 10
514 488 10
514 490 10
514 491 10
514 493 10
514 495 10
514 497 10
514 499 10
514 500 10
514 503 10
514 504 10
514 505 10
514 506 10
514 507 10
514 508 10
514 509 10
514 510 10
514 511 10
514 512 10
514 514 10
514 515 10
514 516 10
514 518 10
514 523 10
514 540 10
515 479 10
515 485 10
515 486 10
515 488 10
515 489 10
515 490 10
515 492 10
515 493 10
515 494 10
515 495 10
515 501 10
515 505 10
515 508 10
515 510 10
515 511 10
515 514 10
515 517 10
515 518 10
515 521 10
515 524 10
515 525 10
515 526 10
516 479 10
516 482 10
516 485 10
516 487 10
516 489 10
516 490 10
516 492 10
516 493 10
516 495 10
516 498 10
516 500 10
516 502 10
516 503 10
516 508 10
516 511 10
516 512 10
516 517 10
516 518 10
516 519 10
516 521 10
517 484 10
517 486 10
517 490 10
517 494 10
517 504 10
517 506 10
517 507 10
517 508 10
517 509 10
517 510 10
517 513 10
517 517 10
517 520 10
518 479 10
518 485 10
518 486 10
518 488 10
518 489 10
518 490 10
518 496 10
518 498 10
518 502 10
518 503 10
518 505 10
518 506 10
518 509 10
518 511 10
518 518 10
518 520 10
519 484 10
519 485 10
519 487 10
519 489 10
519 490 10
519 491 10
519 495 10
519 503 10
519 505 10
519 509 10
519 511 10
519 513 10
519 514 10
519 515 10
519 517 10
519 518 10
519 524 10
520 476 10
520 486 10
520 487 10
520 489 10
520 491 10
520 493 10
520 497 10
520 499 10
520 501 10
520 506 10
520 512 10
520 514 10
520 517 10
520 518 10
520 521 10
521 489 10
521 490 10
521 493 10
521 495 10
521 504 10
521 506 10
521 507 10
521 508 10
521 521 10
521 523 10
522 486 10
522 488 10
522 489 10
522 493 10
522 504 10
522 507 10
522 508 10
522 510 10
522 520 10
523 489 10
523 504 10
523 513 10
523 515 10
523 524 10
524 502 10
524 504 10
524 509 10
524 513 10
524 519 10
525 498 10
525 509 10
525 511 10
525 513 10
525 522 10
525 523 10
526 507 10
526 509 10
526 511 10
527 501 10
527 504 10
527 506 10
527 510 10
529 525 10
529 526 10
531 523 10
531 525 10
