1024
464 483 10
464 492 10
464 494 10
465 488 10
465 492 10
466 485 10
466 486 10
466 487 10
466 488 10
466 493 10
467 483 10
467 487 10
467 489 10
468 483 10
468 484 10
468 485 10
468 489 10
469 484 10
469 487 10
469 488 10
469 490 10
470 485 10
470 486 10
471 481 10
471 483 10
471 484 10
471 485 10
471 490 10
471 520 10
472 484 10
472 485 10
472 486 10
472 490 10
472 504 10
472 520 10
473 480 10
473 482 10
473 489 10
473 502 10
474 483 10
474 484 10
474 485 10
474 488 10
474 500 10
474 503 10
475 491 10
475 493 10
475 497 10
475 498 10
475 499 10
475 500 10
475 501 10
476 484 10
476 487 10
476 488 10
476 493 10
476 496 10
476 497 10
476 499 10
476 500 10
476 501 10
477 486 10
477 491 10
477 492 10
477 493 10
477 494 10
477 495 10
477 496 10
477 498 10
477 500 10
478 483 10
478 487 10
478 488 10
478 490 10
478 493 10
478 494 10
478 495 10
478 496 10
478 497 10
478 498 10
478 500 10
479 483 10
479 484 10
479 485 10
479 486 10
479 488 10
479 494 10
479 495 10
479 499 10
479 520 10
479 521 10
479 522 10
480 484 10
480 485 10
480 486 10
480 490 10
480 492 10
480 493 10
480 496 10
480 497 10
480 498 10
480 500 10
480 501 10
481 479 10
481 481 10
481 483 10
481 485 10
481 488 10
481 492 10
481 493 10
481 494 10
481 495 10
481 496 10
481 499 10
481 500 10
481 507 10
481 520 10
482 480 10
482 482 10
482 484 10
482 487 10
482 488 10
482 491 10
482 493 10
482 494 10
482 495 10
482 496 10
482 497 10
482 499 10
482 500 10
482 501 10
482 502 10
482 518 10
482 519 10
483 476 10
483 481 10
483 486 10
483 487 10
483 488 10
483 491 10
483 493 10
483 494 10
483 502 10
484 473 10
484 474 10
484 475 10
484 480 10
484 481 10
484 486 10
484 488 10
484 492 10
484 495 10
484 497 10
484 498 10
484 500 10
484 501 10
484 502 10
484 504 10
484 506 10
484 507 10
484 520 10
485 473 10
485 476 10
485 478 10
485 479 10
485 480 10
485 487 10
485 489 10
485 492 10
485 493 10
485 494 10
485 500 10
485 502 10
485 503 10
485 505 10
485 507 10
485 508 10
485 509 10
485 510 10
485 516 10
485 523 10
486 473 10
486 487 10
486 488 10
486 493 10
486 498 10
486 500 10
486 503 10
486 518 10
486 523 10
487 472 10
487 473 10
487 474 10
487 487 10
487 488 10
487 492 10
487 494 10
487 496 10
487 497 10
487 501 10
487 502 10
487 503 10
487 504 10
487 505 10
487 506 10
487 515 10
487 520 10
487 522 10
487 523 10
487 525 10
488 474 10
488 486 10
488 495 10
488 496 10
488 499 10
488 502 10
488 504 10
488 505 10
488 506 10
488 507 10
488 509 10
488 510 10
488 515 10
488 516 10
489 471 10
489 473 10
489 490 10
489 491 10
489 492 10
489 493 10
489 495 10
489 496 10
489 499 10
489 500 10
489 501 10
489 502 10
489 504 10
489 505 10
489 506 10
489 507 10
489 512 10
489 513 10
489 519 10
489 522 10
489 523 10
490 477 10
490 483 10
490 486 10
490 494 10
490 495 10
490 496 10
490 498 10
490 499 10
490 500 10
490 503 10
490 504 10
490 507 10
490 508 10
490 509 10
491 473 10
491 474 10
491 476 10
491 477 10
491 478 10
491 482 10
491 484 10
491 488 10
491 491 10
491 492 10
491 493 10
491 495 10
491 496 10
491 497 10
491 498 10
491 499 10
491 503 10
491 506 10
492 473 10
492 474 10
492 475 10
492 478 10
492 480 10
492 481 10
492 495 10
492 498 10
492 500 10
492 502 10
492 504 10
492 505 10
492 508 10
492 509 10
492 520 10
492 523 10
493 477 10
493 478 10
493 480 10
493 482 10
493 483 10
493 484 10
493 486 10
493 495 10
493 508 10
493 511 10
493 513 10
493 515 10
493 518 10
493 520 10
493 521 10
493 523 10
494 474 10
494 476 10
494 477 10
494 484 10
494 495 10
494 497 10
494 498 10
494 499 10
494 500 10
494 502 10
494 505 10
494 507 10
494 508 10
494 509 10
494 511 10
494 515 10
494 517 10
494 518 10
494 519 10
494 520 10
494 523 10
494 525 10
494 529 10
495 477 10
495 478 10
495 482 10
495 483 10
495 486 10
495 494 10
495 498 10
495 499 10
495 500 10
495 502 10
495 504 10
495 505 10
495 506 10
495 507 10
495 510 10
495 515 10
495 516 10
495 517 10
495 519 10
495 520 10
495 523 10
495 525 10
495 527 10
495 528 10
495 529 10
496 475 10
496 479 10
496 480 10
496 483 10
496 484 10
496 492 10
496 494 10
496 495 10
496 498 10
496 499 10
496 500 10
496 501 10
496 503 10
496 505 10
496 507 10
496 508 10
496 514 10
496 515 10
496 517 10
496 519 10
496 527 10
496 528 10
496 529 10
496 530 10
497 459 10
497 461 10
497 478 10
497 480 10
497 488 10
497 489 10
497 493 10
497 494 10
497 495 10
497 496 10
497 497 10
497 499 10
497 500 10
497 501 10
497 503 10
497 505 10
497 507 10
497 510 10
497 511 10
497 513 10
497 516 10
497 521 10
497 522 10
497 523 10
497 525 10
497 526 10
497 529 10
498 459 10
498 460 10
498 470 10
498 474 10
498 475 10
498 478 10
498 479 10
498 480 10
498 483 10
498 484 10
498 485 10
498 491 10
498 495 10
498 498 10
498 502 10
498 507 10
498 514 10
498 515 10
498 517 10
498 519 10
498 522 10
498 523 10
498 526 10
498 527 10
498 530 10
499 465 10
499 466 10
499 472 10
499 473 10
499 474 10
499 476 10
499 480 10
499 481 10
499 482 10
499 488 10
499 489 10
499 490 10
499 491 10
499 494 10
499 499 10
499 500 10
499 502 10
499 504 10
499 508 10
499 509 10
499 511 10
499 512 10
499 513 10
499 514 10
499 521 10
499 523 10
499 526 10
499 528 10
499 532 10
499 533 10
500 463 10
500 464 10
500 470 10
500 471 10
500 472 10
500 475 10
500 477 10
500 479 10
500 481 10
500 483 10
500 485 10
500 496 10
500 497 10
500 502 10
500 505 10
500 506 10
500 508 10
500 509 10
500 510 10
500 512 10
500 515 10
500 516 10
500 518 10
500 520 10
500 521 10
500 522 10
500 523 10
500 528 10
500 529 10
500 530 10
500 535 10
501 465 10
501 467 10
501 468 10
501 475 10
501 476 10
501 480 10
501 481 10
501 483 10
501 485 10
501 491 10
501 492 10
501 495 10
501 502 10
501 504 10
501 507 10
501 509 10
501 510 10
501 521 10
501 525 10
501 532 10
501 533 10
502 464 10
502 467 10
502 469 10
502 470 10
502 472 10
502 474 10
502 477 10
502 485 10
502 491 10
502 495 10
502 499 10
502 500 10
502 501 10
502 506 10
502 508 10
502 509 10
502 510 10
502 511 10
502 513 10
502 515 10
502 521 10
502 522 10
502 532 10
502 533 10
503 460 10
503 469 10
503 470 10
503 471 10
503 472 10
503 475 10
503 481 10
503 483 10
503 489 10
503 490 10
503 491 10
503 496 10
503 500 10
503 501 10
503 504 10
503 508 10
503 509 10
503 510 10
503 511 10
503 512 10
503 516 10
503 518 10
503 523 10
503 526 10
503 533 10
504 472 10
504 474 10
504 476 10
504 483 10
504 487 10
504 490 10
504 493 10
504 494 10
504 496 10
504 497 10
504 498 10
504 502 10
504 503 10
504 504 10
504 507 10
504 508 10
504 509 10
504 510 10
504 514 10
504 515 10
504 516 10
504 519 10
504 520 10
504 523 10
504 525 10
504 531 10
504 544 10
504 545 10
505 468 10
505 469 10
505 470 10
505 471 10
505 481 10
505 487 10
505 490 10
505 495 10
505 499 10
505 500 10
505 501 10
505 502 10
505 504 10
505 505 10
505 508 10
505 509 10
505 510 10
505 517 10
505 519 10
505 522 10
505 526 10
505 532 10
505 539 10
505 543 10
505 545 10
506 469 10
506 475 10
506 478 10
506 481 10
506 485 10
506 489 10
506 493 10
506 494 10
506 496 10
506 503 10
506 505 10
506 507 10
506 511 10
506 517 10
506 520 10
506 521 10
506 537 10
506 541 10
506 544 10
507 471 10
507 472 10
507 474 10
507 476 10
507 477 10
507 479 10
507 493 10
507 502 10
507 506 10
507 507 10
507 508 10
507 509 10
507 510 10
507 514 10
507 515 10
507 519 10
507 520 10
507 534 10
507 539 10
507 543 10
508 458 10
508 464 10
508 468 10
508 469 10
508 470 10
508 471 10
508 473 10
508 480 10
508 500 10
508 501 10
508 502 10
508 504 10
508 505 10
508 508 100000
508 512 10
508 514 10
508 520 10
508 521 10
508 523 10
508 536 10
509 463 10
509 472 10
509 473 10
509 477 10
509 478 10
509 484 10
509 489 10
509 491 10
509 500 10
509 506 10
509 508 10
509 509 10
509 512 10
509 516 10
509 525 10
509 534 10
510 457 10
510 458 10
510 460 10
510 461 10
510 468 10
510 470 10
510 472 10
510 476 10
510 478 10
510 481 10
510 482 10
510 484 10
510 506 10
510 508 10
510 509 10
510 519 10
510 521 10
510 527 10
511 464 10
511 467 10
511 468 10
511 472 10
511 475 10
511 476 10
511 477 10
511 478 10
511 479 10
511 482 10
511 483 10
511 485 10
511 487 10
511 488 10
511 491 10
511 492 10
511 506 10
511 507 10
511 509 10
511 510 10
511 512 10
511 525 10
511 526 10
511 527 10
511 529 10
511 531 10
511 532 10
511 537 10
511 542 10
511 544 10
512 460 10
512 463 10
512 465 10
512 468 10
512 474 10
512 476 10
512 477 10
512 479 10
512 480 10
512 481 10
512 482 10
512 483 10
512 484 10
512 487 10
512 488 10
512 498 10
512 501 10
512 504 10
512 507 10
512 513 10
512 516 10
512 517 10
512 518 10
512 519 10
512 530 10
512 532 10
512 537 10
512 543 10
512 544 10
512 545 10
512 551 10
512 552 10
513 462 10
513 463 10
513 466 10
513 467 10
513 468 10
513 487 10
513 489 10
513 492 10
513 507 10
513 508 10
513 509 10
513 512 10
513 513 10
513 518 10
513 530 10
513 531 10
513 537 10
513 539 10
513 546 10
513 548 10
514 466 10
514 468 10
514 479 10
514 481 10
514 486 10
514 489 10
514 496 10
514 501 10
514 502 10
514 505 10
514 506 10
514 508 10
514 514 10
514 518 10
514 520 10
514 525 10
514 529 10
514 535 10
514 553 10
514 554 10
515 465 10
515 481 10
515 484 10
515 487 10
515 488 10
515 491 10
515 502 10
515 506 10
515 508 10
515 509 10
515 511 10
515 514 10
515 515 10
515 521 10
515 530 10
515 531 10
515 532 10
515 534 10
515 536 10
515 537 10
515 543 10
515 544 10
515 547 10
515 548 10
515 550 10
515 552 10
515 554 10
516 462 10
516 463 10
516 465 10
516 483 10
516 496 10
516 502 10
516 506 10
516 508 10
516 516 10
516 517 10
516 518 10
516 519 10
516 520 10
516 521 10
516 526 10
516 528 10
516 529 10
516 531 10
516 533 10
516 536 10
516 538 10
516 540 10
516 541 10
516 542 10
516 543 10
516 544 10
516 546 10
516 555 10
517 463 10
517 464 10
517 484 10
517 491 10
517 494 10
517 502 10
517 503 10
517 509 10
517 510 10
517 512 10
517 513 10
517 517 10
517 518 10
517 519 10
517 521 10
517 525 10
517 527 10
517 528 10
517 529 10
517 535 10
517 537 10
517 539 10
517 540 10
518 457 10
518 463 10
518 464 10
518 479 10
518 485 10
518 486 10
518 491 10
518 499 10
518 508 10
518 509 10
518 511 10
518 513 10
518 514 10
518 516 10
518 522 10
518 527 10
518 528 10
518 529 10
518 531 10
518 535 10
518 536 10
518 537 10
518 540 10
518 542 10
518 543 10
519 458 10
519 459 10
519 460 10
519 465 10
519 481 10
519 483 10
519 487 10
519 491 10
519 501 10
519 504 10
519 505 10
519 508 10
519 511 10
519 513 10
519 515 10
519 519 10
519 520 10
519 531 10
519 532 10
519 534 10
519 537 10
519 538 10
519 539 10
519 540 10
519 541 10
519 543 10
519 550 10
520 463 10
520 465 10
520 467 10
520 485 10
520 493 10
520 505 10
520 510 10
520 512 10
520 513 10
520 514 10
520 515 10
520 517 10
520 518 10
520 519 10
520 520 10
520 521 10
520 522 10
520 526 10
520 528 10
520 529 10
520 534 10
520 537 10
520 539 10
520 540 10
520 541 10
520 543 10
521 464 10
521 465 10
521 466 10
521 486 10
521 487 10
521 488 10
521 489 10
521 502 10
521 511 10
521 512 10
521 515 10
521 517 10
521 518 10
521 519 10
521 521 10
521 528 10
521 530 10
521 531 10
521 534 10
522 462 10
522 463 10
522 464 10
522 465 10
522 468 10
522 485 10
522 488 10
522 499 10
522 500 10
522 503 10
522 511 10
522 513 10
522 514 10
522 515 10
522 519 10
522 520 10
522 538 10
522 547 10
523 465 10
523 480 10
523 482 10
523 485 10
523 487 10
523 491 10
523 499 10
523 502 10
523 503 10
523 507 10
523 508 10
523 512 10
523 513 10
523 514 10
523 516 10
523 517 10
523 518 10
523 520 10
524 461 10
524 462 10
524 478 10
524 483 10
524 485 10
524 499 10
524 500 10
524 501 10
524 508 10
524 510 10
524 512 10
524 513 10
524 515 10
524 516 10
524 523 10
524 527 10
524 541 10
525 476 10
525 479 10
525 480 10
525 481 10
525 489 10
525 503 10
525 504 10
525 505 10
525 507 10
525 508 10
525 511 10
525 512 10
525 513 10
525 514 10
525 515 10
525 517 10
525 518 10
525 519 10
525 528 10
525 541 10
526 477 10
526 478 10
526 486 10
526 487 10
526 492 10
526 503 10
526 505 10
526 507 10
526 508 10
526 509 10
526 510 10
526 512 10
526 514 10
526 516 10
526 518 10
526 520 10
526 521 10
526 528 10
526 529 10
526 543 10
527 478 10
527 484 10
527 485 10
527 504 10
527 508 10
527 509 10
527 511 10
527 512 10
527 514 10
527 516 10
527 518 10
527 543 10
527 544 10
528 478 10
528 483 10
528 503 10
528 504 10
528 506 10
528 507 10
528 508 10
528 510 10
528 511 10
528 512 10
528 513 10
528 514 10
528 518 10
528 519 10
528 520 10
528 526 10
528 527 10
528 528 10
528 529 10
529 475 10
529 476 10
529 477 10
529 479 10
529 504 10
529 506 10
529 509 10
529 510 10
529 512 10
529 513 10
529 515 10
529 516 10
529 517 10
529 518 10
529 519 10
529 520 10
529 521 10
529 522 10
529 523 10
529 526 10
529 528 10
529 529 10
529 547 10
530 507 10
530 508 10
530 509 10
530 510 10
530 511 10
530 513 10
530 515 10
530 517 10
530 519 10
530 520 10
530 521 10
530 523 10
530 526 10
530 530 10
530 537 10
530 538 10
530 547 10
531 477 10
531 478 10
531 510 10
531 513 10
531 515 10
531 516 10
531 519 10
531 520 10
531 525 10
531 526 10
531 527 10
531 528 10
531 533 10
531 537 10
531 539 10
531 546 10
531 547 10
532 511 10
532 513 10
532 514 10
532 518 10
532 521 10
532 522 10
532 524 10
532 539 10
532 547 10
533 476 10
533 479 10
533 510 10
533 513 10
533 514 10
533 517 10
533 520 10
533 525 10
533 527 10
533 528 10
533 529 10
533 531 10
533 532 10
533 537 10
533 539 10
533 540 10
533 541 10
534 514 10
534 515 10
534 517 10
534 526 10
534 527 10
534 528 10
534 530 10
534 541 10
535 475 10
535 481 10
535 516 10
535 518 10
535 540 10
536 480 10
536 512 10
