1024
426 505 10
429 502 10
429 509 10
430 504 10
430 505 10
430 507 10
430 509 10
430 510 10
431 502 10
431 505 10
431 509 10
432 501 10
432 502 10
432 503 10
432 504 10
432 510 10
433 503 10
433 504 10
433 509 10
433 511 10
434 501 10
434 502 10
434 504 10
434 509 10
435 496 10
435 502 10
436 504 10
436 508 10
438 507 10
439 499 10
439 508 10
440 507 10
441 488 10
442 483 10
442 485 10
442 489 10
442 490 10
442 498 10
442 500 10
443 485 10
443 490 10
443 491 10
444 485 10
444 490 10
447 513 10
448 512 10
448 516 10
448 517 10
449 519 10
450 511 10
450 514 10
450 516 10
450 518 10
450 520 10
451 488 10
451 491 10
451 506 10
451 512 10
451 514 10
451 517 10
451 518 10
451 519 10
451 520 10
452 488 10
452 492 10
452 495 10
452 515 10
452 516 10
453 482 10
453 487 10
453 489 10
453 490 10
453 491 10
453 502 10
453 505 10
453 506 10
453 514 10
454 480 10
454 481 10
454 483 10
454 489 10
454 493 10
454 499 10
454 502 10
455 487 10
455 488 10
455 493 10
455 503 10
455 509 10
456 479 10
456 490 10
456 492 10
456 494 10
456 502 10
456 504 10
456 513 10
456 514 10
457 479 10
457 480 10
457 481 10
457 482 10
457 485 10
457 488 10
457 489 10
457 500 10
457 501 10
457 502 10
458 478 10
458 481 10
458 482 10
458 483 10
458 484 10
458 485 10
458 487 10
458 488 10
458 490 10
458 495 10
458 498 10
458 515 10
459 478 10
459 481 10
459 489 10
459 504 10
460 481 10
460 486 10
460 489 10
460 493 10
460 494 10
460 496 10
460 497 10
460 499 10
460 512 10
461 477 10
461 478 10
461 479 10
461 480 10
461 483 10
461 484 10
461 486 10
461 487 10
461 493 10
461 494 10
461 499 10
461 508 10
462 473 10
462 476 10
462 480 10
462 482 10
462 488 10
462 496 10
462 508 10
462 511 10
463 473 10
463 478 10
463 479 10
463 481 10
463 483 10
463 489 10
463 490 10
463 494 10
463 496 10
463 509 10
464 477 10
464 478 10
464 482 10
464 484 10
464 485 10
464 486 10
464 488 10
464 496 10
464 511 10
465 476 10
465 478 10
465 479 10
465 483 10
465 485 10
465 490 10
465 498 10
465 510 10
465 511 10
465 512 10
466 476 10
466 481 10
466 485 10
466 489 10
466 496 10
467 474 10
467 475 10
467 476 10
467 478 10
467 481 10
467 483 10
467 485 10
467 486 10
467 496 10
467 497 10
467 500 10
468 474 10
468 478 10
468 479 10
468 482 10
468 483 10
468 484 10
468 485 10
468 486 10
468 498 10
469 473 10
469 475 10
469 478 10
469 480 10
469 482 10
469 483 10
469 484 10
469 485 10
469 500 10
470 472 10
470 473 10
470 475 10
470 478 10
470 479 10
470 495 10
470 496 10
470 497 10
470 498 10
470 504 10
471 472 10
471 477 10
471 478 10
471 479 10
471 480 10
471 482 10
471 483 10
471 486 10
471 495 10
471 497 10
471 498 10
471 505 10
471 506 10
471 507 10
472 476 10
472 478 10
472 481 10
472 483 10
472 484 10
472 504 10
472 505 10
472 506 10
472 508 10
472 510 10
473 473 10
473 474 10
473 476 10
473 479 10
473 480 10
473 481 10
473 482 10
473 483 10
473 484 10
473 485 10
473 490 10
473 503 10
473 506 10
473 510 10
474 476 10
474 478 10
474 479 10
474 480 10
474 481 10
474 482 10
474 488 10
474 491 10
474 493 10
474 496 10
474 500 10
474 501 10
474 504 10
474 505 10
474 508 10
474 509 10
474 511 10
474 512 10
475 474 10
475 475 10
475 477 10
475 478 10
475 480 10
475 489 10
475 490 10
475 491 10
475 492 10
475 493 10
475 499 10
475 502 10
475 511 10
476 478 10
476 479 10
476 480 10
476 483 10
476 484 10
476 487 10
476 489 10
476 493 10
476 494 10
476 495 10
476 496 10
476 497 10
476 499 10
476 501 10
476 503 10
476 509 10
476 511 10
476 513 10
477 473 10
477 474 10
477 475 10
477 476 10
477 481 10
477 482 10
477 484 10
477 486 10
477 488 10
477 489 10
477 490 10
477 492 10
477 501 10
477 502 10
478 463 10
478 475 10
478 476 10
478 478 10
478 481 10
478 483 10
478 484 10
478 486 10
478 487 10
478 489 10
478 491 10
478 495 10
478 496 10
478 498 10
478 499 10
478 501 10
478 502 10
478 504 10
478 509 10
478 510 10
479 464 10
479 467 10
479 472 10
479 474 10
479 476 10
479 477 10
479 483 10
479 484 10
479 485 10
479 490 10
479 494 10
479 495 10
479 496 10
479 499 10
479 501 10
479 510 10
480 463 10
480 465 10
480 467 10
480 473 10
480 474 10
480 475 10
480 477 10
480 478 10
480 490 10
480 502 10
480 506 10
480 526 10
480 528 10
480 530 10
481 469 10
481 476 10
481 478 10
481 486 10
481 487 10
481 493 10
481 494 10
481 496 10
481 500 10
481 528 10
482 467 10
482 468 10
482 474 10
482 476 10
482 477 10
482 483 10
482 486 10
482 489 10
482 496 10
482 498 10
482 503 10
482 516 10
482 527 10
483 468 10
483 469 10
483 477 10
483 478 10
483 481 10
483 483 10
483 485 10
483 486 10
483 487 10
483 493 10
483 497 10
483 501 10
483 503 10
483 504 10
483 508 10
483 511 10
483 525 10
483 526 10
483 530 10
483 534 10
484 466 10
484 469 10
484 471 10
484 474 10
484 475 10
484 477 10
484 478 10
484 479 10
484 481 10
484 483 10
484 485 10
484 486 10
484 487 10
484 490 10
484 497 10
484 501 10
484 508 10
484 514 10
484 515 10
484 520 10
484 523 10
484 526 10
484 527 10
484 529 10
484 534 10
485 467 10
485 471 10
485 477 10
485 478 10
485 484 10
485 486 10
485 489 10
485 499 10
485 500 10
485 501 10
485 502 10
485 503 10
485 504 10
485 505 10
485 508 10
485 524 10
485 525 10
485 537 10
485 539 10
486 476 10
486 480 10
486 482 10
486 483 10
486 486 10
486 489 10
486 492 10
486 498 10
486 499 10
486 501 10
486 502 10
486 504 10
486 506 10
486 510 10
486 511 10
486 522 10
486 523 10
486 526 10
486 527 10
486 528 10
486 530 10
486 531 10
486 533 10
486 536 10
487 467 10
487 469 10
487 475 10
487 483 10
487 484 10
487 500 10
487 502 10
487 506 10
487 523 10
487 526 10
487 529 10
487 530 10
487 533 10
487 536 10
487 538 10
487 541 10
488 460 10
488 468 10
488 469 10
488 472 10
488 473 10
488 476 10
488 477 10
488 480 10
488 481 10
488 487 10
488 491 10
488 496 10
488 500 10
488 503 10
488 505 10
488 507 10
488 511 10
488 522 10
488 525 10
488 528 10
488 530 10
488 531 10
489 468 10
489 480 10
489 481 10
489 492 10
489 496 10
489 504 10
489 505 10
489 506 10
489 507 10
489 511 10
489 522 10
489 524 10
489 525 10
489 526 10
489 530 10
489 534 10
489 535 10
489 536 10
490 454 10
490 471 10
490 472 10
490 473 10
490 476 10
490 477 10
490 481 10
490 498 10
490 500 10
490 503 10
490 507 10
490 509 10
490 523 10
490 531 10
490 535 10
490 540 10
491 457 10
491 467 10
491 468 10
491 471 10
491 472 10
491 474 10
491 476 10
491 478 10
491 479 10
491 481 10
491 488 10
491 495 10
491 497 10
491 500 10
491 506 10
491 511 10
491 523 10
491 525 10
491 529 10
491 531 10
491 532 10
491 535 10
491 537 10
491 542 10
492 454 10
492 456 10
492 462 10
492 468 10
492 475 10
492 476 10
492 477 10
492 478 10
492 485 10
492 520 10
492 522 10
492 528 10
492 534 10
492 536 10
492 537 10
492 539 10
493 453 10
493 454 10
493 455 10
493 463 10
493 465 10
493 466 10
493 467 10
493 468 10
493 469 10
493 470 10
493 472 10
493 474 10
493 476 10
493 477 10
493 486 10
493 487 10
493 500 10
493 523 10
493 525 10
493 529 10
493 531 10
493 534 10
493 535 10
493 538 10
493 539 10
493 540 10
493 541 10
493 542 10
493 543 10
494 449 10
494 452 10
494 455 10
494 457 10
494 459 10
494 460 10
494 463 10
494 465 10
494 466 10
494 468 10
494 471 10
494 476 10
494 480 10
494 486 10
494 488 10
494 490 10
494 497 10
494 500 10
494 521 10
494 523 10
494 525 10
494 533 10
494 537 10
494 538 10
494 540 10
494 541 10
494 543 10
495 451 10
495 454 10
495 464 10
495 465 10
495 466 10
495 468 10
495 469 10
495 470 10
495 471 10
495 472 10
495 473 10
495 474 10
495 482 10
495 487 10
495 488 10
495 492 10
495 496 10
495 497 10
495 498 10
495 521 10
495 522 10
495 523 10
495 524 10
495 525 10
495 526 10
495 534 10
495 535 10
495 537 10
495 539 10
495 541 10
495 543 10
496 449 10
496 450 10
496 452 10
496 453 10
496 457 10
496 459 10
496 460 10
496 462 10
496 463 10
496 464 10
496 465 10
496 466 10
496 467 10
496 468 10
496 469 10
496 473 10
496 487 10
496 488 10
496 489 10
496 496 10
496 517 10
496 523 10
496 525 10
496 528 10
496 532 10
496 536 10
496 539 10
496 542 10
496 546 10
497 449 10
497 450 10
497 452 10
497 453 10
497 454 10
497 457 10
497 458 10
497 464 10
497 466 10
497 467 10
497 468 10
497 469 10
497 470 10
497 471 10
497 472 10
497 474 10
497 479 10
497 481 10
497 482 10
497 485 10
497 496 10
497 520 10
497 522 10
497 524 10
497 525 10
497 526 10
497 527 10
497 528 10
497 529 10
497 532 10
497 533 10
497 537 10
497 538 10
497 539 10
497 541 10
497 545 10
498 455 10
498 460 10
498 462 10
498 463 10
498 466 10
498 469 10
498 470 10
498 472 10
498 477 10
498 478 10
498 479 10
498 481 10
498 485 10
498 490 10
498 497 10
498 515 10
498 519 10
498 526 10
498 530 10
498 531 10
498 533 10
498 534 10
498 535 10
498 536 10
498 537 10
498 538 10
498 540 10
498 550 10
499 452 10
499 461 10
499 462 10
499 463 10
499 464 10
499 466 10
499 467 10
499 468 10
499 469 10
499 473 10
499 474 10
499 476 10
499 477 10
499 479 10
499 480 10
499 485 10
499 493 10
499 508 10
499 517 10
499 521 10
499 526 10
499 528 10
499 531 10
499 534 10
499 535 10
499 537 10
499 538 10
499 539 10
499 541 10
499 542 10
500 460 10
500 461 10
500 462 10
500 463 10
500 465 10
500 466 10
500 467 10
500 469 10
500 471 10
500 472 10
500 474 10
500 475 10
500 476 10
500 477 10
500 479 10
500 491 10
500 508 10
500 515 10
500 519 10
500 525 10
500 527 10
500 528 10
500 530 10
500 531 10
500 532 10
500 536 10
500 538 10
500 542 10
500 544 10
500 546 10
500 553 10
501 452 10
501 453 10
501 461 10
501 462 10
501 463 10
501 464 10
501 469 10
501 470 10
501 471 10
501 472 10
501 474 10
501 477 10
501 478 10
501 480 10
501 506 10
501 519 10
501 521 10
501 524 10
501 526 10
501 530 10
501 534 10
501 536 10
501 541 10
501 548 10
501 550 10
502 462 10
502 463 10
502 464 10
502 465 10
502 466 10
502 467 10
502 470 10
502 471 10
502 472 10
502 480 10
502 513 10
502 516 10
502 517 10
502 518 10
502 520 10
502 522 10
502 525 10
502 527 10
502 528 10
502 530 10
502 531 10
502 532 10
502 534 10
502 536 10
502 539 10
502 541 10
502 542 10
502 548 10
502 550 10
502 552 10
503 447 10
503 448 10
503 452 10
503 454 10
503 457 10
503 459 10
503 462 10
503 464 10
503 465 10
503 466 10
503 470 10
503 471 10
503 472 10
503 483 10
503 506 10
503 508 10
503 515 10
503 519 10
503 520 10
503 525 10
503 526 10
503 529 10
503 531 10
503 532 10
503 534 10
503 535 10
503 536 10
503 539 10
503 548 10
503 551 10
504 448 10
504 451 10
504 458 10
504 461 10
504 463 10
504 465 10
504 468 10
504 470 10
504 482 10
504 509 10
504 517 10
504 520 10
504 524 10
504 525 10
504 526 10
504 529 10
504 531 10
504 532 10
504 533 10
504 536 10
504 537 10
504 541 10
504 542 10
504 544 10
504 548 10
504 549 10
505 447 10
505 453 10
505 454 10
505 455 10
505 456 10
505 457 10
505 465 10
505 468 10
505 469 10
505 470 10
505 471 10
505 505 10
505 506 10
505 507 10
505 509 10
505 510 10
505 512 10
505 513 10
505 515 10
505 517 10
505 526 10
505 529 10
505 531 10
505 532 10
505 536 10
505 537 10
505 538 10
505 539 10
505 540 10
505 542 10
505 544 10
506 449 10
506 450 10
506 455 10
506 456 10
506 457 10
506 461 10
506 465 10
506 467 10
506 502 10
506 505 10
506 507 10
506 509 10
506 512 10
506 515 10
506 517 10
506 518 10
506 527 10
506 528 10
506 529 10
506 530 10
506 531 10
506 532 10
506 535 10
506 536 10
506 537 10
506 539 10
506 540 10
506 541 10
506 551 10
507 448 10
507 452 10
507 454 10
507 456 10
507 458 10
507 463 10
507 465 10
507 466 10
507 467 10
507 468 10
507 470 10
507 485 10
507 504 10
507 505 10
507 506 10
507 507 10
507 509 10
507 512 10
507 514 10
507 529 10
507 531 10
507 532 10
507 539 10
507 541 10
507 544 10
507 547 10
507 549 10
507 550 10
508 449 10
508 453 10
508 456 10
508 457 10
508 458 10
508 461 10
508 462 10
508 463 10
508 465 10
508 469 10
508 470 10
508 504 10
508 506 10
508 513 10
508 514 10
508 517 10
508 525 10
508 531 10
508 533 10
508 535 10
508 537 10
508 538 10
508 539 10
508 540 10
508 544 10
508 547 10
509 454 10
509 455 10
509 460 10
509 461 10
509 463 10
509 464 10
509 465 10
509 466 10
509 467 10
509 468 10
509 469 10
509 470 10
509 505 10
509 507 10
509 512 10
509 516 10
509 530 10
509 531 10
509 534 10
509 535 10
509 536 10
509 537 10
509 540 10
509 543 10
509 547 10
509 550 10
509 551 10
510 451 10
510 459 10
510 461 10
510 462 10
510 463 10
510 464 10
510 465 10
510 466 10
510 467 10
510 468 10
510 470 10
510 474 10
510 475 10
510 502 10
510 503 10
510 506 10
510 507 10
510 509 10
510 513 10
510 514 10
510 515 10
510 519 10
510 529 10
510 531 10
510 532 10
510 533 10
510 535 10
510 536 10
510 537 10
510 538 10
510 547 10
510 550 10
511 458 10
511 461 10
511 462 10
511 466 10
511 467 10
511 468 10
511 469 10
511 470 10
511 503 10
511 507 10
511 508 10
511 512 10
511 514 10
511 515 10
511 517 10
511 518 10
511 529 10
511 530 10
511 536 10
511 539 10
511 541 10
511 544 10
511 545 10
511 554 10
512 457 10
512 458 10
512 460 10
512 463 10
512 466 10
512 468 10
512 469 10
512 499 10
512 503 10
512 508 10
512 509 10
512 510 10
512 515 100000
512 522 10
512 529 10
512 533 10
512 536 10
512 538 10
512 543 10
512 550 10
512 553 10
512 555 10
513 460 10
513 461 10
513 463 10
513 465 10
513 468 10
513 501 10
513 502 10
513 506 10
513 508 10
513 511 10
513 512 10
513 513 10
513 514 10
513 517 10
513 525 10
513 531 10
513 532 10
513 533 10
513 537 10
513 547 10
513 552 10
514 460 10
514 461 10
514 462 10
514 487 10
514 498 10
514 499 10
514 503 10
514 514 10
514 516 10
514 518 10
514 534 10
514 535 10
514 543 10
515 458 10
515 460 10
515 462 10
515 498 10
515 499 10
515 500 10
515 501 10
515 513 10
515 533 10
515 548 10
515 552 10
516 451 10
516 457 10
516 458 10
516 464 10
516 490 10
516 512 10
516 514 10
516 516 10
516 528 10
516 530 10
516 532 10
517 460 10
517 471 10
517 511 10
517 512 10
517 514 10
517 528 10
517 538 10
518 465 10
518 469 10
518 481 10
518 492 10
518 493 10
518 504 10
518 506 10
518 511 10
518 514 10
518 529 10
518 532 10
519 463 10
519 468 10
519 470 10
519 478 10
519 484 10
519 486 10
519 489 10
519 491 10
519 500 10
519 504 10
519 511 10
519 513 10
519 514 10
519 519 10
519 520 10
519 532 10
519 540 10
520 469 10
520 484 10
520 486 10
520 487 10
520 489 10
520 492 10
520 497 10
520 498 10
520 504 10
520 509 10
520 510 10
520 515 10
520 524 10
520 525 10
520 530 10
520 531 10
520 532 10
520 533 10
520 535 10
521 483 10
521 487 10
521 490 10
521 491 10
521 493 10
521 494 10
521 497 10
521 503 10
521 505 10
521 507 10
521 508 10
521 511 10
521 514 10
521 515 10
521 516 10
521 522 10
521 523 10
521 524 10
521 525 10
521 526 10
521 529 10
521 532 10
521 533 10
521 537 10
521 539 10
522 471 10
522 477 10
522 478 10
522 485 10
522 490 10
522 492 10
522 493 10
522 496 10
522 499 10
522 503 10
522 510 10
522 523 10
522 524 10
522 526 10
522 528 10
522 530 10
522 532 10
522 534 10
522 535 10
522 539 10
522 541 10
523 484 10
523 485 10
523 487 10
523 494 10
523 495 10
523 496 10
523 498 10
523 499 10
523 500 10
523 502 10
523 507 10
523 510 10
523 515 10
523 521 10
523 524 10
523 527 10
523 536 10
523 539 10
524 481 10
524 484 10
524 486 10
524 489 10
524 494 10
524 495 10
524 497 10
524 499 10
524 500 10
524 502 10
524 503 10
524 523 10
524 524 10
524 526 10
524 529 10
524 539 10
525 465 10
525 478 10
525 479 10
525 483 10
525 485 10
525 487 10
525 492 10
525 498 10
525 499 10
525 500 10
525 528 10
525 529 10
525 531 10
525 540 10
526 466 10
526 478 10
526 479 10
526 480 10
526 481 10
526 488 10
526 489 10
526 493 10
526 495 10
526 496 10
526 500 10
526 501 10
526 504 10
526 530 10
526 532 10
526 535 10
526 536 10
526 537 10
527 478 10
527 481 10
527 489 10
527 491 10
527 493 10
527 495 10
527 497 10
527 498 10
527 501 10
527 533 10
527 534 10
528 463 10
528 479 10
528 482 10
528 491 10
528 495 10
528 499 10
528 503 10
528 504 10
528 530 10
528 532 10
529 495 10
529 498 10
529 525 10
529 528 10
529 532 10
529 539 10
530 483 10
530 499 10
530 500 10
530 504 10
530 512 10
530 530 10
530 531 10
531 494 10
531 500 10
531 518 10
531 519 10
531 531 10
531 534 10
531 536 10
532 498 10
532 500 10
532 501 10
532 503 10
532 504 10
532 505 10
532 514 10
532 518 10
532 519 10
532 520 10
532 524 10
532 525 10
532 526 10
532 529 10
532 535 10
533 503 10
533 513 10
533 527 10
533 528 10
534 495 10
534 496 10
534 504 10
534 509 10
534 514 10
534 515 10
534 516 10
534 525 10
534 527 10
534 528 10
534 533 10
534 534 10
535 469 10
535 497 10
535 499 10
535 500 10
535 505 10
535 527 10
535 528 10
535 530 10
535 535 10
535 539 10
535 540 10
536 495 10
536 497 10
536 498 10
536 506 10
536 524 10
536 526 10
536 527 10
536 529 10
536 535 10
537 468 10
537 497 10
537 498 10
537 518 10
537 522 10
537 524 10
537 527 10
537 529 10
537 530 10
537 538 10
537 539 10
537 543 10
538 524 10
538 526 10
538 529 10
538 531 10
538 532 10
538 543 10
538 545 10
539 499 10
539 500 10
539 524 10
539 525 10
539 528 10
539 531 10
539 534 10
539 537 10
539 539 10
539 541 10
539 543 10
539 544 10
540 525 10
540 527 10
540 531 10
540 533 10
540 539 10
540 540 10
540 542 10
540 545 10
541 500 10
541 501 10
541 517 10
541 523 10
541 527 10
541 532 10
541 533 10
541 536 10
541 544 10
542 497 10
542 519 10
542 520 10
542 523 10
542 525 10
542 527 10
542 528 10
542 529 10
542 531 10
542 532 10
542 533 10
542 534 10
542 536 10
542 537 10
542 538 10
542 539 10
543 499 10
543 502 10
543 523 10
543 524 10
543 526 10
543 530 10
543 531 10
543 534 10
543 537 10
544 499 10
544 500 10
544 505 10
544 508 10
544 519 10
544 525 10
544 528 10
544 530 10
544 532 10
544 533 10
544 534 10
544 536 10
545 505 10
545 529 10
545 540 10
545 541 10
546 508 10
546 509 10
546 511 10
546 530 10
546 535 10
546 537 10
546 538 10
546 540 10
547 494 10
547 495 10
547 497 10
547 498 10
547 507 10
547 508 10
547 511 10
547 513 10
547 528 10
547 532 10
547 534 10
547 540 10
548 490 10
548 492 10
548 495 10
548 499 10
548 500 10
548 509 10
548 510 10
549 491 10
549 492 10
549 494 10
549 497 10
549 506 10
549 507 10
549 508 10
549 514 10
549 531 10
549 535 10
549 538 10
550 489 10
550 494 10
550 501 10
550 535 10
550 537 10
551 489 10
551 490 10
551 492 10
551 494 10
551 510 10
551 513 10
551 534 10
552 486 10
552 488 10
552 489 10
552 490 10
552 491 10
552 492 10
552 493 10
552 495 10
552 496 10
552 505 10
552 510 10
552 531 10
552 534 10
552 537 10
552 539 10
553 488 10
553 489 10
553 491 10
553 494 10
553 495 10
553 510 10
553 511 10
553 533 10
553 539 10
554 487 10
554 488 10
554 489 10
554 491 10
554 493 10
554 507 10
554 511 10
554 517 10
554 541 10
555 487 10
555 490 10
555 491 10
555 495 10
555 518 10
555 533 10
555 537 10
556 490 10
556 492 10
556 494 10
556 518 10
556 532 10
557 490 10
557 492 10
557 515 10
557 533 10
557 538 10
558 518 10
558 519 10
558 533 10
558 535 10
558 537 10
559 519 10
