1024
406 501 10
407 500 10
408 501 10
408 502 10
408 505 10
409 495 10
409 496 10
409 499 10
409 500 10
409 503 10
410 496 10
410 497 10
410 499 10
411 494 10
411 496 10
411 501 10
411 502 10
412 500 10
412 502 10
413 495 10
413 498 10
413 502 10
414 498 10
414 499 10
414 501 10
414 503 10
415 499 10
415 500 10
415 502 10
416 499 10
416 500 10
416 501 10
416 502 10
416 506 10
416 511 10
417 499 10
417 500 10
417 502 10
417 503 10
417 504 10
417 505 10
417 506 10
418 498 10
418 500 10
418 502 10
418 505 10
418 509 10
418 511 10
418 513 10
419 496 10
419 499 10
419 500 10
419 501 10
419 503 10
419 504 10
419 505 10
419 511 10
419 512 10
419 514 10
420 485 10
420 498 10
420 499 10
420 501 10
420 503 10
420 505 10
420 507 10
420 509 10
421 495 10
421 499 10
421 502 10
421 503 10
421 504 10
421 506 10
421 507 10
421 508 10
422 485 10
422 487 10
422 496 10
422 497 10
422 498 10
422 499 10
422 501 10
422 509 10
423 494 10
423 495 10
423 498 10
423 508 10
423 511 10
424 484 10
424 487 10
424 494 10
424 502 10
424 507 10
424 508 10
424 509 10
425 485 10
425 500 10
425 507 10
425 508 10
425 509 10
425 511 10
426 483 10
426 507 10
428 507 10
429 511 10
430 507 10
430 509 10
430 510 10
430 515 10
431 510 10
431 511 10
431 513 10
432 499 10
432 508 10
432 509 10
432 510 10
432 513 10
432 516 10
433 500 10
433 502 10
433 503 10
433 509 10
433 511 10
433 513 10
433 516 10
434 499 10
434 506 10
434 508 10
434 513 10
435 502 10
435 505 10
435 507 10
435 508 10
435 509 10
435 510 10
435 511 10
435 515 10
435 516 10
435 517 10
436 501 10
436 505 10
436 513 10
436 516 10
436 517 10
437 504 10
437 506 10
437 510 10
437 513 10
437 516 10
438 510 10
438 516 10
438 517 10
439 508 10
439 514 10
440 509 10
440 510 10
441 506 10
441 507 10
441 512 10
442 508 10
442 509 10
442 510 10
442 512 10
443 506 10
443 507 10
443 508 10
444 508 10
444 510 10
445 506 10
445 529 10
446 530 10
447 484 10
447 529 10
447 531 10
448 531 10
449 526 10
449 527 10
449 529 10
449 531 10
449 534 10
450 498 10
450 524 10
450 529 10
450 531 10
450 532 10
451 476 10
451 499 10
451 529 10
451 532 10
452 473 10
452 528 10
452 530 10
452 532 10
452 534 10
453 471 10
453 473 10
453 474 10
453 475 10
453 492 10
453 520 10
453 526 10
453 528 10
453 529 10
453 533 10
454 470 10
454 474 10
454 491 10
454 493 10
454 518 10
454 525 10
454 527 10
454 531 10
454 533 10
454 535 10
455 466 10
455 474 10
455 485 10
455 492 10
455 493 10
455 494 10
455 495 10
455 496 10
455 524 10
455 526 10
455 527 10
455 528 10
456 473 10
456 475 10
456 476 10
456 477 10
456 486 10
456 489 10
456 490 10
456 492 10
456 494 10
456 501 10
456 502 10
456 503 10
456 524 10
456 525 10
456 529 10
456 530 10
456 532 10
456 534 10
457 467 10
457 470 10
457 481 10
457 484 10
457 485 10
457 495 10
457 501 10
457 502 10
457 504 10
457 505 10
457 517 10
457 518 10
457 521 10
457 527 10
457 528 10
457 530 10
457 533 10
458 467 10
458 470 10
458 471 10
458 472 10
458 475 10
458 481 10
458 482 10
458 486 10
458 487 10
458 493 10
458 495 10
458 502 10
458 505 10
458 515 10
458 519 10
458 520 10
458 526 10
458 531 10
458 534 10
459 466 10
459 468 10
459 470 10
459 477 10
459 481 10
459 484 10
459 489 10
459 500 10
459 501 10
459 502 10
459 503 10
459 504 10
459 505 10
459 511 10
459 512 10
459 514 10
459 517 10
459 519 10
459 523 10
459 524 10
459 526 10
459 529 10
459 533 10
460 466 10
460 467 10
460 469 10
460 470 10
460 471 10
460 474 10
460 478 10
460 483 10
460 486 10
460 487 10
460 491 10
460 497 10
460 500 10
460 501 10
460 502 10
460 511 10
460 513 10
460 514 10
460 520 10
460 523 10
460 524 10
460 525 10
460 526 10
460 530 10
460 533 10
460 535 10
460 536 10
461 467 10
461 468 10
461 472 10
461 474 10
461 476 10
461 477 10
461 481 10
461 483 10
461 484 10
461 485 10
461 486 10
461 488 10
461 490 10
461 498 10
461 500 10
461 501 10
461 503 10
461 504 10
461 505 10
461 512 10
461 520 10
461 523 10
461 524 10
461 525 10
461 526 10
461 528 10
461 530 10
461 531 10
461 536 10
462 458 10
462 467 10
462 469 10
462 470 10
462 475 10
462 482 10
462 489 10
462 497 10
462 499 10
462 500 10
462 501 10
462 502 10
462 505 10
462 513 10
462 516 10
462 517 10
462 518 10
462 522 10
462 524 10
462 525 10
462 526 10
462 528 10
462 533 10
462 534 10
462 536 10
462 542 10
463 460 10
463 467 10
463 470 10
463 472 10
463 473 10
463 486 10
463 497 10
463 499 10
463 500 10
463 501 10
463 502 10
463 503 10
463 504 10
463 505 10
463 511 10
463 512 10
463 513 10
463 515 10
463 517 10
463 518 10
463 521 10
463 524 10
463 525 10
463 531 10
463 532 10
463 534 10
463 535 10
463 538 10
463 540 10
464 468 10
464 469 10
464 474 10
464 475 10
464 478 10
464 480 10
464 485 10
464 486 10
464 490 10
464 491 10
464 495 10
464 497 10
464 498 10
464 500 10
464 501 10
464 502 10
464 503 10
464 504 10
464 505 10
464 506 10
464 510 10
464 514 10
464 515 10
464 518 10
464 519 10
464 520 10
464 523 10
464 524 10
464 525 10
464 526 10
464 527 10
464 528 10
464 531 10
464 534 10
464 536 10
464 538 10
465 459 10
465 471 10
465 473 10
465 474 10
465 476 10
465 478 10
465 497 10
465 498 10
465 499 10
465 503 10
465 504 10
465 505 10
465 506 10
465 507 10
465 511 10
465 512 10
465 513 10
465 519 10
465 520 10
465 521 10
465 523 10
465 524 10
465 525 10
465 527 10
465 528 10
465 534 10
466 467 10
466 469 10
466 470 10
466 471 10
466 472 10
466 475 10
466 476 10
466 477 10
466 479 10
466 482 10
466 484 10
466 485 10
466 486 10
466 487 10
466 491 10
466 492 10
466 494 10
466 496 10
466 498 10
466 499 10
466 500 10
466 502 10
466 504 10
466 505 10
466 506 10
466 507 10
466 511 10
466 513 10
466 515 10
466 517 10
466 518 10
466 520 10
466 522 10
466 523 10
466 527 10
466 529 10
466 530 10
466 532 10
466 534 10
466 537 10
467 465 10
467 466 10
467 473 10
467 474 10
467 475 10
467 476 10
467 478 10
467 480 10
467 491 10
467 495 10
467 496 10
467 497 10
467 498 10
467 499 10
467 500 10
467 501 10
467 502 10
467 503 10
467 504 10
467 505 10
467 511 10
467 512 10
467 514 10
467 515 10
467 516 10
467 517 10
467 519 10
467 520 10
467 521 10
467 522 10
467 523 10
467 524 10
467 525 10
467 528 10
467 533 10
467 534 10
467 539 10
468 456 10
468 459 10
468 461 10
468 467 10
468 468 10
468 470 10
468 471 10
468 472 10
468 473 10
468 475 10
468 476 10
468 481 10
468 483 10
468 484 10
468 486 10
468 487 10
468 489 10
468 490 10
468 491 10
468 495 10
468 496 10
468 497 10
468 498 10
468 499 10
468 501 10
468 503 10
468 506 10
468 510 10
468 511 10
468 512 10
468 514 10
468 517 10
468 518 10
468 521 10
468 522 10
468 523 10
468 526 10
468 527 10
468 528 10
468 529 10
468 530 10
468 532 10
469 454 10
469 458 10
469 459 10
469 471 10
469 472 10
469 473 10
469 478 10
469 479 10
469 480 10
469 481 10
469 483 10
469 485 10
469 489 10
469 493 10
469 495 10
469 498 10
469 499 10
469 500 10
469 501 10
469 502 10
469 503 10
469 504 10
469 506 10
469 511 10
469 513 10
469 516 10
469 517 10
469 518 10
469 519 10
469 520 10
469 521 10
469 522 10
469 523 10
469 524 10
469 525 10
469 526 10
469 527 10
469 528 10
469 529 10
469 531 10
469 533 10
469 537 10
470 458 10
470 460 10
470 462 10
470 464 10
470 475 10
470 476 10
470 478 10
470 479 10
470 481 10
470 482 10
470 483 10
470 484 10
470 486 10
470 487 10
470 488 10
470 489 10
470 492 10
470 495 10
470 496 10
470 498 10
470 499 10
470 500 10
470 502 10
470 503 10
470 504 10
470 505 10
470 506 10
470 507 10
470 508 10
470 511 10
470 512 10
470 514 10
470 515 10
470 516 10
470 518 10
470 519 10
470 520 10
470 521 10
470 522 10
470 523 10
470 524 10
470 525 10
470 526 10
470 527 10
470 528 10
470 529 10
470 531 10
470 533 10
470 534 10
470 535 10
471 464 10
471 468 10
471 474 10
471 475 10
471 476 10
471 479 10
471 480 10
471 481 10
471 482 10
471 483 10
471 484 10
471 485 10
471 487 10
471 490 10
471 492 10
471 497 10
471 498 10
471 500 10
471 501 10
471 503 10
471 504 10
471 505 10
471 506 10
471 507 10
471 510 10
471 513 10
471 515 10
471 516 10
471 517 10
471 518 10
471 519 10
471 520 10
471 521 10
471 522 10
471 523 10
471 524 10
471 525 10
471 526 10
471 527 10
471 529 10
471 530 10
471 534 10
471 535 10
472 456 10
472 462 10
472 467 10
472 468 10
472 473 10
472 475 10
472 476 10
472 480 10
472 481 10
472 483 10
472 484 10
472 485 10
472 486 10
472 488 10
472 490 10
472 497 10
472 498 10
472 500 10
472 501 10
472 503 10
472 504 10
472 514 10
472 516 10
472 517 10
472 518 10
472 519 10
472 520 10
472 522 10
472 523 10
472 525 10
472 526 10
472 527 10
472 529 10
472 531 10
472 532 10
472 543 10
472 544 10
472 546 10
473 460 10
473 461 10
473 462 10
473 463 10
473 478 10
473 479 10
473 480 10
473 482 10
473 484 10
473 486 10
473 487 10
473 489 10
473 492 10
473 495 10
473 496 10
473 497 10
473 499 10
473 500 10
473 502 10
473 503 10
473 505 10
473 508 10
473 510 10
473 512 10
473 513 10
473 514 10
473 515 10
473 516 10
473 517 10
473 518 10
473 519 10
473 520 10
473 521 10
473 522 10
473 523 10
473 524 10
473 525 10
473 527 10
473 528 10
473 529 10
473 530 10
473 532 10
473 533 10
473 545 10
474 457 10
474 459 10
474 460 10
474 461 10
474 466 10
474 479 10
474 480 10
474 481 10
474 482 10
474 485 10
474 488 10
474 492 10
474 493 10
474 498 10
474 499 10
474 501 10
474 503 10
474 504 10
474 507 10
474 508 10
474 509 10
474 510 10
474 512 10
474 515 10
474 516 10
474 517 10
474 518 10
474 519 10
474 520 10
474 521 10
474 522 10
474 523 10
474 524 10
474 525 10
474 526 10
474 530 10
474 543 10
474 544 10
474 546 10
475 459 10
475 460 10
475 463 10
475 465 10
475 469 10
475 471 10
475 477 10
475 478 10
475 479 10
475 480 10
475 481 10
475 482 10
475 483 10
475 484 10
475 485 10
475 486 10
475 488 10
475 491 10
475 493 10
475 495 10
475 497 10
475 498 10
475 499 10
475 500 10
475 501 10
475 502 10
475 504 10
475 506 10
475 508 10
475 509 10
475 512 10
475 514 10
475 515 10
475 516 10
475 517 10
475 518 10
475 519 10
475 520 10
475 521 10
475 523 10
475 524 10
475 528 10
475 530 10
476 458 10
476 460 10
476 461 10
476 463 10
476 464 10
476 465 10
476 467 10
476 468 10
476 472 10
476 474 10
476 477 10
476 479 10
476 480 10
476 481 10
476 482 10
476 483 10
476 486 10
476 488 10
476 489 10
476 493 10
476 494 10
476 497 10
476 498 10
476 499 10
476 500 10
476 502 10
476 503 10
476 506 10
476 509 10
476 512 10
476 513 10
476 514 10
476 516 10
476 521 10
476 522 10
476 523 10
476 524 10
476 525 10
476 526 10
476 527 10
476 544 10
476 545 10
477 465 10
477 468 10
477 469 10
477 472 10
477 473 10
477 474 10
477 475 10
477 476 10
477 477 10
477 478 10
477 479 10
477 480 10
477 482 10
477 484 10
477 485 10
477 486 10
477 487 10
477 495 10
477 496 10
477 497 10
477 501 10
477 506 10
477 507 10
477 508 10
477 510 10
477 512 10
477 515 10
477 517 10
477 521 10
477 522 10
477 524 10
477 526 10
477 529 10
477 530 10
477 557 10
478 462 10
478 464 10
478 466 10
478 471 10
478 472 10
478 473 10
478 475 10
478 476 10
478 478 10
478 480 10
478 481 10
478 485 10
478 486 10
478 488 10
478 489 10
478 490 10
478 496 10
478 498 10
478 499 10
478 502 10
478 503 10
478 507 10
478 511 10
478 512 10
478 513 10
478 514 10
478 515 10
478 520 10
478 521 10
478 522 10
478 524 10
478 526 10
478 528 10
479 469 10
479 476 10
479 477 10
479 478 10
479 481 10
479 482 10
479 491 10
479 493 10
479 494 10
479 496 10
479 498 10
479 499 10
479 501 10
479 502 10
479 507 10
479 509 10
479 513 10
479 514 10
479 519 10
479 521 10
479 530 10
479 535 10
479 541 10
480 450 10
480 451 10
480 453 10
480 463 10
480 465 10
480 469 10
480 472 10
480 474 10
480 476 10
480 480 10
480 481 10
480 483 10
480 492 10
480 493 10
480 495 10
480 499 10
480 500 10
480 509 10
480 511 10
480 512 10
480 513 10
480 515 10
480 516 10
480 519 10
480 521 10
480 524 10
480 525 10
480 526 10
480 529 10
480 532 10
480 534 10
480 536 10
480 537 10
481 450 10
481 468 10
481 479 10
481 481 10
481 482 10
481 491 10
481 494 10
481 495 10
481 496 10
481 497 10
481 499 10
481 501 10
481 503 10
481 504 10
481 507 10
481 508 10
481 509 10
481 510 10
481 512 10
481 515 10
481 516 10
481 519 10
481 520 10
481 521 10
481 522 10
481 524 10
481 525 10
481 526 10
481 528 10
481 532 10
481 534 10
481 541 10
481 543 10
482 451 10
482 452 10
482 464 10
482 465 10
482 471 10
482 472 10
482 474 10
482 475 10
482 477 10
482 484 10
482 491 10
482 493 10
482 494 10
482 496 10
482 498 10
482 499 10
482 501 10
482 503 10
482 504 10
482 505 10
482 506 10
482 507 10
482 509 10
482 510 10
482 511 10
482 513 10
482 514 10
482 515 10
482 520 10
482 525 10
482 527 10
482 528 10
482 529 10
482 530 10
482 531 10
483 452 10
483 455 10
483 463 10
483 464 10
483 466 10
483 472 10
483 474 10
483 475 10
483 482 10
483 492 10
483 495 10
483 497 10
483 499 10
483 500 10
483 502 10
483 506 10
483 509 10
483 510 10
483 513 10
483 514 10
483 515 10
483 516 10
483 517 10
483 518 10
483 519 10
483 521 10
483 523 10
483 525 10
483 527 10
483 528 10
483 530 10
483 536 10
483 538 10
484 448 10
484 450 10
484 452 10
484 453 10
484 461 10
484 465 10
484 466 10
484 470 10
484 471 10
484 475 10
484 476 10
484 478 10
484 479 10
484 480 10
484 481 10
484 482 10
484 483 10
484 484 10
484 486 10
484 492 10
484 493 10
484 494 10
484 496 10
484 497 10
484 499 10
484 500 10
484 501 10
484 502 10
484 503 10
484 504 10
484 506 10
484 507 10
484 508 10
484 509 10
484 511 10
484 513 10
484 517 10
484 518 10
484 522 10
484 527 10
484 529 10
484 532 10
484 533 10
484 535 10
484 553 10
485 446 10
485 447 10
485 448 10
485 451 10
485 454 10
485 456 10
485 463 10
485 464 10
485 465 10
485 466 10
485 467 10
485 470 10
485 472 10
485 473 10
485 474 10
485 475 10
485 476 10
485 478 10
485 480 10
485 484 10
485 486 10
485 494 10
485 496 10
485 498 10
485 500 10
485 502 10
485 504 10
485 505 10
485 508 10
485 509 10
485 511 10
485 513 10
485 514 10
485 515 10
485 516 10
485 520 10
485 523 10
485 525 10
485 526 10
485 528 10
485 530 10
485 532 10
485 533 10
485 534 10
485 550 10
485 551 10
485 555 10
486 446 10
486 448 10
486 449 10
486 451 10
486 456 10
486 458 10
486 461 10
486 463 10
486 465 10
486 468 10
486 470 10
486 472 10
486 473 10
486 474 10
486 475 10
486 476 10
486 477 10
486 478 10
486 479 10
486 480 10
486 482 10
486 484 10
486 485 10
486 487 10
486 492 10
486 498 10
486 499 10
486 502 10
486 503 10
486 504 10
486 505 10
486 506 10
486 507 10
486 508 10
486 509 10
486 512 10
486 513 10
486 514 10
486 515 10
486 516 10
486 521 10
486 522 10
486 523 10
486 524 10
486 525 10
486 526 10
486 528 10
486 529 10
486 532 10
486 533 10
486 534 10
486 552 10
487 454 10
487 460 10
487 462 10
487 464 10
487 466 10
487 467 10
487 472 10
487 474 10
487 476 10
487 477 10
487 479 10
487 481 10
487 484 10
487 490 10
487 495 10
487 496 10
487 498 10
487 502 10
487 503 10
487 505 10
487 506 10
487 509 10
487 510 10
487 511 10
487 512 10
487 513 10
487 514 10
487 517 10
487 523 10
487 524 10
487 525 10
487 526 10
487 527 10
487 530 10
487 535 10
487 536 10
487 537 10
487 551 10
487 552 10
487 554 10
487 555 10
487 556 10
488 454 10
488 455 10
488 456 10
488 458 10
488 461 10
488 462 10
488 463 10
488 464 10
488 465 10
488 466 10
488 468 10
488 470 10
488 472 10
488 473 10
488 474 10
488 478 10
488 481 10
488 483 10
488 484 10
488 490 10
488 492 10
488 501 10
488 502 10
488 503 10
488 505 10
488 506 10
488 507 10
488 510 10
488 512 10
488 515 10
488 517 10
488 519 10
488 520 10
488 523 10
488 526 10
488 528 10
488 534 10
488 545 10
488 552 10
488 554 10
488 555 10
488 556 10
488 557 10
489 447 10
489 448 10
489 449 10
489 450 10
489 453 10
489 454 10
489 455 10
489 457 10
489 458 10
489 460 10
489 462 10
489 463 10
489 464 10
489 465 10
489 466 10
489 467 10
489 473 10
489 476 10
489 487 10
489 488 10
489 491 10
489 493 10
489 497 10
489 498 10
489 499 10
489 500 10
489 501 10
489 506 10
489 508 10
489 510 10
489 517 10
489 519 10
489 534 10
489 537 10
489 545 10
489 546 10
489 551 10
489 553 10
489 554 10
489 556 10
490 451 10
490 453 10
490 454 10
490 461 10
490 462 10
490 477 10
490 487 10
490 488 10
490 491 10
490 495 10
490 498 10
490 499 10
490 501 10
490 505 10
490 507 10
490 508 10
490 509 10
490 520 10
490 522 10
490 544 10
490 545 10
490 551 10
490 553 10
490 556 10
490 562 10
490 563 10
490 564 10
491 449 10
491 450 10
491 451 10
491 454 10
491 455 10
491 456 10
491 457 10
491 460 10
491 464 10
491 465 10
491 469 10
491 473 10
491 491 10
491 493 10
491 494 10
491 495 10
491 498 10
491 505 10
491 507 10
491 508 10
491 513 10
491 516 10
491 518 10
491 540 10
491 541 10
491 546 10
491 554 10
491 555 10
491 558 10
491 561 10
492 452 10
492 454 10
492 455 10
492 458 10
492 459 10
492 462 10
492 464 10
492 465 10
492 466 10
492 467 10
492 469 10
492 472 10
492 473 10
492 474 10
492 477 10
492 478 10
492 487 10
492 488 10
492 493 10
492 494 10
492 497 10
492 499 10
492 501 10
492 502 10
492 510 10
492 511 10
492 512 10
492 514 10
492 518 10
492 521 10
492 523 10
492 542 10
492 543 10
492 557 10
492 559 10
492 561 10
492 564 10
493 450 10
493 451 10
493 452 10
493 453 10
493 454 10
493 458 10
493 460 10
493 465 10
493 467 10
493 469 10
493 482 10
493 486 10
493 487 10
493 490 10
493 491 10
493 494 10
493 495 10
493 497 10
493 500 10
493 502 10
493 507 10
493 512 10
493 513 10
493 516 10
493 520 10
493 543 10
493 558 10
493 559 10
493 562 10
493 566 10
494 446 10
494 449 10
494 450 10
494 451 10
494 454 10
494 456 10
494 457 10
494 458 10
494 459 10
494 460 10
494 461 10
494 464 10
494 467 10
494 471 10
494 473 10
494 474 10
494 475 10
494 483 10
494 488 10
494 494 10
494 495 10
494 497 10
494 500 10
494 502 10
494 512 10
494 516 10
494 517 10
494 522 10
494 528 10
494 529 10
494 541 10
494 552 10
494 556 10
494 557 10
494 558 10
494 559 10
494 566 10
495 445 10
495 448 10
495 451 10
495 452 10
495 456 10
495 457 10
495 461 10
495 462 10
495 463 10
495 464 10
495 467 10
495 468 10
495 469 10
495 470 10
495 473 10
495 474 10
495 475 10
495 476 10
495 481 10
495 483 10
495 488 10
495 497 10
495 500 10
495 506 10
495 511 10
495 512 10
495 513 10
495 520 10
495 526 10
495 529 10
495 530 10
495 542 10
495 553 10
495 560 10
495 562 10
496 443 10
496 450 10
496 454 10
496 455 10
496 457 10
496 458 10
496 465 10
496 466 10
496 468 10
496 469 10
496 474 10
496 476 10
496 479 10
496 483 10
496 490 10
496 492 10
496 494 10
496 495 10
496 496 10
496 499 10
496 502 10
496 504 10
496 505 10
496 507 10
496 511 10
496 513 10
496 520 10
496 522 10
496 526 10
496 528 10
496 529 10
496 530 10
496 541 10
496 547 10
496 550 10
496 551 10
496 557 10
496 559 10
496 566 10
497 441 10
497 446 10
497 447 10
497 449 10
497 455 10
497 457 10
497 459 10
497 464 10
497 466 10
497 470 10
497 471 10
497 472 10
497 473 10
497 474 10
497 475 10
497 478 10
497 479 10
497 490 10
497 498 10
497 500 10
497 505 10
497 506 10
497 514 10
497 516 10
497 517 10
497 518 10
497 519 10
497 520 10
497 521 10
497 528 10
497 530 10
497 531 10
497 532 10
497 555 10
497 561 10
498 444 10
498 447 10
498 448 10
498 449 10
498 465 10
498 467 10
498 469 10
498 471 10
498 472 10
498 473 10
498 474 10
498 475 10
498 476 10
498 477 10
498 479 10
498 480 10
498 488 10
498 491 10
498 499 10
498 500 10
498 502 10
498 504 10
498 505 10
498 507 10
498 512 10
498 527 10
498 528 10
498 529 10
498 530 10
498 531 10
498 532 10
498 533 10
498 541 10
498 551 10
498 552 10
498 556 10
498 557 10
498 564 10
499 443 10
499 447 10
499 449 10
499 450 10
499 451 10
499 452 10
499 455 10
499 456 10
499 458 10
499 459 10
499 462 10
499 463 10
499 464 10
499 465 10
499 467 10
499 473 10
499 478 10
499 499 10
499 501 10
499 506 10
499 518 10
499 519 10
499 522 10
499 525 10
499 526 10
499 529 10
499 531 10
499 538 10
499 541 10
499 543 10
499 544 10
499 560 10
500 439 10
500 444 10
500 445 10
500 452 10
500 455 10
500 456 10
500 458 10
500 461 10
500 462 10
500 463 10
500 466 10
500 467 10
500 468 10
500 471 10
500 477 10
500 478 10
500 480 10
500 487 10
500 498 10
500 501 10
500 502 10
500 505 10
500 507 10
500 510 10
500 511 10
500 519 10
500 520 10
500 527 10
500 529 10
500 531 10
500 539 10
500 540 10
500 541 10
500 542 10
500 546 10
501 439 10
501 440 10
501 442 10
501 444 10
501 448 10
501 449 10
501 450 10
501 452 10
501 453 10
501 454 10
501 457 10
501 458 10
501 459 10
501 460 10
501 461 10
501 466 10
501 470 10
501 498 10
501 499 10
501 501 10
501 505 10
501 507 10
501 509 10
501 513 10
501 514 10
501 517 10
501 518 10
501 519 10
501 522 10
501 524 10
501 525 10
501 526 10
501 527 10
501 541 10
501 543 10
501 544 10
501 545 10
502 442 10
502 445 10
502 447 10
502 448 10
502 450 10
502 451 10
502 455 10
502 458 10
502 459 10
502 463 10
502 464 10
502 465 10
502 466 10
502 467 10
502 468 10
502 470 10
502 478 10
502 481 10
502 497 10
502 498 10
502 501 10
502 507 10
502 518 10
502 520 10
502 522 10
502 524 10
502 525 10
502 529 10
502 530 10
502 537 10
502 540 10
502 541 10
502 542 10
502 543 10
502 545 10
502 546 10
503 440 10
503 444 10
503 446 10
503 450 10
503 456 10
503 457 10
503 459 10
503 460 10
503 461 10
503 462 10
503 463 10
503 465 10
503 466 10
503 468 10
503 471 10
503 472 10
503 475 10
503 476 10
503 477 10
503 480 10
503 496 10
503 497 10
503 514 10
503 518 10
503 520 10
503 524 10
503 528 10
503 531 10
503 535 10
503 545 10
504 440 10
504 443 10
504 446 10
504 447 10
504 448 10
504 449 10
504 450 10
504 452 10
504 453 10
504 460 10
504 463 10
504 464 10
504 467 10
504 470 10
504 480 10
504 496 10
504 497 10
504 505 10
504 517 10
504 519 10
504 521 10
504 522 10
504 528 10
504 529 10
504 533 10
504 535 10
504 539 10
505 446 10
505 447 10
505 449 10
505 452 10
505 460 10
505 462 10
505 464 10
505 466 10
505 467 10
505 468 10
505 469 10
505 470 10
505 471 10
505 475 10
505 476 10
505 480 10
505 494 10
505 498 10
505 512 10
505 513 10
505 514 10
505 515 10
505 517 10
505 518 10
505 520 10
505 524 10
505 527 10
505 530 10
505 531 10
505 532 10
505 535 10
505 536 10
505 537 10
505 543 10
505 544 10
505 546 10
506 448 10
506 450 10
506 452 10
506 455 10
506 456 10
506 458 10
506 459 10
506 461 10
506 466 10
506 467 10
506 469 10
506 475 10
506 476 10
506 478 10
506 479 10
506 480 10
506 502 10
506 503 10
506 507 10
506 513 10
506 519 10
506 522 10
506 523 10
506 524 10
506 526 10
506 527 10
506 532 10
506 534 10
506 546 10
507 444 10
507 446 10
507 448 10
507 451 10
507 452 10
507 455 10
507 456 10
507 457 10
507 462 10
507 464 10
507 465 10
507 468 10
507 470 10
507 471 10
507 473 10
507 474 10
507 475 10
507 495 10
507 502 10
507 505 10
507 506 10
507 508 10
507 509 10
507 514 10
507 518 10
507 519 10
507 520 10
507 521 10
507 522 10
507 526 10
507 528 10
507 529 10
507 530 10
507 531 10
507 533 10
507 534 10
507 538 10
508 448 10
508 449 10
508 455 10
508 458 10
508 466 10
508 469 10
508 472 10
508 476 10
508 477 10
508 478 10
508 501 10
508 503 10
508 509 10
508 511 10
508 515 10
508 516 10
508 517 10
508 518 10
508 522 10
508 524 10
508 526 10
508 528 10
508 529 10
508 530 10
508 531 10
508 532 10
508 536 10
508 537 10
508 538 10
508 541 10
508 542 10
508 543 10
508 544 10
508 546 10
509 443 10
509 444 10
509 446 10
509 463 10
509 472 10
509 473 10
509 474 10
509 475 10
509 476 10
509 477 10
509 506 10
509 507 10
509 510 10
509 513 10
509 519 10
509 522 10
509 527 10
509 528 10
509 530 10
509 531 10
509 532 10
509 539 10
509 544 10
510 444 10
510 446 10
510 449 10
510 466 10
510 468 10
510 469 10
510 473 10
510 475 10
510 476 10
510 503 10
510 506 10
510 509 10
510 513 10
510 514 10
510 515 10
510 516 10
510 518 10
510 520 10
510 521 10
510 522 10
510 523 10
510 524 10
510 528 10
510 530 10
510 532 10
510 533 10
510 535 10
510 536 10
510 537 10
510 540 10
511 448 10
511 449 10
511 450 10
511 466 10
511 470 10
511 471 10
511 472 10
511 476 10
511 477 10
511 503 10
511 507 10
511 516 10
511 517 100000
511 518 10
511 519 10
511 524 10
511 526 10
511 528 10
511 529 10
511 531 10
511 534 10
511 537 10
511 551 10
512 444 10
512 446 10
512 448 10
512 473 10
512 474 10
512 475 10
512 476 10
512 477 10
512 492 10
512 495 10
512 496 10
512 498 10
512 500 10
512 502 10
512 506 10
512 507 10
512 509 10
512 511 10
512 512 10
512 514 10
512 518 10
512 520 10
512 521 10
512 524 10
512 525 10
512 526 10
512 528 10
512 530 10
512 534 10
512 535 10
512 537 10
512 538 10
512 542 10
512 547 10
512 565 10
512 566 10
513 450 10
513 471 10
513 473 10
513 477 10
513 478 10
513 488 10
513 492 10
513 494 10
513 499 10
513 501 10
513 506 10
513 513 10
513 515 10
513 516 10
513 519 10
513 521 10
513 522 10
513 523 10
513 524 10
513 526 10
513 528 10
513 529 10
513 533 10
513 549 10
513 558 10
513 560 10
513 561 10
513 563 10
513 564 10
514 449 10
514 473 10
514 475 10
514 477 10
514 498 10
514 502 10
514 507 10
514 508 10
514 509 10
514 517 10
514 518 10
514 520 10
514 521 10
514 522 10
514 524 10
514 525 10
514 527 10
514 528 10
514 529 10
514 530 10
514 536 10
514 545 10
514 550 10
514 551 10
514 553 10
514 557 10
514 559 10
514 561 10
514 565 10
514 567 10
515 448 10
515 449 10
515 474 10
515 477 10
515 478 10
515 479 10
515 492 10
515 509 10
515 510 10
515 520 10
515 522 10
515 524 10
515 525 10
515 526 10
515 527 10
515 528 10
515 529 10
515 530 10
515 532 10
515 533 10
515 539 10
515 540 10
515 542 10
515 543 10
515 555 10
515 558 10
515 559 10
515 564 10
515 566 10
515 567 10
516 451 10
516 468 10
516 472 10
516 474 10
516 476 10
516 477 10
516 487 10
516 488 10
516 494 10
516 504 10
516 508 10
516 513 10
516 515 10
516 517 10
516 520 10
516 524 10
516 526 10
516 528 10
516 529 10
516 530 10
516 531 10
516 535 10
516 538 10
516 544 10
516 556 10
516 558 10
516 562 10
516 563 10
516 564 10
516 565 10
517 448 10
517 449 10
517 469 10
517 474 10
517 475 10
517 477 10
517 479 10
517 488 10
517 491 10
517 497 10
517 510 10
517 511 10
517 523 10
517 525 10
517 527 10
517 528 10
517 531 10
517 534 10
517 547 10
517 553 10
517 559 10
517 560 10
517 561 10
517 563 10
517 567 10
518 448 10
518 478 10
518 480 10
518 481 10
518 493 10
518 497 10
518 498 10
518 503 10
518 514 10
518 520 10
518 521 10
518 523 10
518 524 10
518 527 10
518 529 10
518 531 10
518 550 10
518 551 10
518 552 10
518 554 10
518 555 10
518 561 10
518 563 10
518 567 10
519 450 10
519 471 10
519 473 10
519 474 10
519 481 10
519 496 10
519 500 10
519 505 10
519 507 10
519 510 10
519 512 10
519 513 10
519 522 10
519 523 10
519 524 10
519 525 10
519 526 10
519 528 10
519 529 10
519 530 10
519 537 10
519 541 10
519 545 10
519 550 10
519 551 10
519 552 10
519 554 10
519 555 10
519 556 10
519 559 10
519 560 10
519 564 10
520 468 10
520 471 10
520 475 10
520 477 10
520 480 10
520 484 10
520 488 10
520 510 10
520 511 10
520 513 10
520 523 10
520 525 10
520 526 10
520 531 10
520 533 10
520 542 10
520 543 10
520 552 10
520 553 10
520 554 10
520 555 10
520 557 10
520 566 10
520 570 10
520 572 10
520 573 10
521 449 10
521 467 10
521 469 10
521 470 10
521 475 10
521 479 10
521 484 10
521 485 10
521 486 10
521 491 10
521 493 10
521 494 10
521 514 10
521 518 10
521 519 10
521 520 10
521 522 10
521 523 10
521 524 10
521 525 10
521 526 10
521 528 10
521 529 10
521 530 10
521 532 10
521 533 10
521 534 10
521 535 10
521 536 10
521 549 10
521 551 10
521 552 10
521 553 10
521 554 10
521 555 10
521 556 10
521 563 10
521 564 10
521 565 10
521 567 10
522 468 10
522 469 10
522 471 10
522 474 10
522 479 10
522 480 10
522 482 10
522 485 10
522 488 10
522 492 10
522 494 10
522 496 10
522 497 10
522 512 10
522 516 10
522 519 10
522 522 10
522 523 10
522 525 10
522 527 10
522 530 10
522 531 10
522 532 10
522 534 10
522 536 10
522 539 10
522 549 10
522 551 10
522 553 10
522 557 10
522 559 10
522 564 10
523 469 10
523 472 10
523 477 10
523 478 10
523 480 10
523 483 10
523 484 10
523 485 10
523 486 10
523 488 10
523 490 10
523 491 10
523 493 10
523 494 10
523 495 10
523 497 10
523 499 10
523 501 10
523 517 10
523 522 10
523 524 10
523 526 10
523 527 10
523 528 10
523 529 10
523 531 10
523 532 10
523 533 10
523 534 10
523 535 10
523 537 10
523 552 10
523 558 10
523 565 10
523 566 10
524 469 10
524 470 10
524 472 10
524 475 10
524 476 10
524 479 10
524 480 10
524 485 10
524 488 10
524 497 10
524 498 10
524 499 10
524 501 10
524 504 10
524 509 10
524 522 10
524 524 10
524 525 10
524 529 10
524 530 10
524 531 10
524 532 10
524 533 10
524 534 10
524 537 10
524 539 10
524 549 10
524 551 10
524 552 10
524 554 10
524 555 10
524 556 10
524 558 10
525 465 10
525 469 10
525 471 10
525 472 10
525 474 10
525 475 10
525 478 10
525 486 10
525 487 10
525 490 10
525 491 10
525 492 10
525 493 10
525 494 10
525 497 10
525 501 10
525 502 10
525 504 10
525 511 10
525 515 10
525 520 10
525 524 10
525 526 10
525 527 10
525 528 10
525 530 10
525 534 10
525 535 10
525 551 10
525 570 10
526 464 10
526 471 10
526 472 10
526 475 10
526 476 10
526 477 10
526 478 10
526 483 10
526 484 10
526 485 10
526 487 10
526 488 10
526 489 10
526 492 10
526 493 10
526 496 10
526 497 10
526 499 10
526 500 10
526 501 10
526 502 10
526 503 10
526 504 10
526 506 10
526 508 10
526 509 10
526 510 10
526 511 10
526 519 10
526 525 10
526 527 10
526 528 10
526 529 10
526 530 10
526 531 10
526 533 10
526 536 10
526 538 10
526 545 10
526 549 10
526 551 10
526 554 10
526 556 10
526 558 10
527 464 10
527 466 10
527 467 10
527 469 10
527 470 10
527 473 10
527 476 10
527 479 10
527 484 10
527 485 10
527 486 10
527 487 10
527 488 10
527 491 10
527 492 10
527 493 10
527 496 10
527 500 10
527 502 10
527 505 10
527 513 10
527 519 10
527 520 10
527 522 10
527 523 10
527 524 10
527 527 10
527 529 10
527 530 10
527 531 10
527 532 10
527 533 10
527 535 10
527 537 10
527 538 10
527 549 10
527 551 10
527 555 10
527 556 10
527 557 10
527 563 10
527 569 10
527 572 10
528 466 10
528 468 10
528 470 10
528 473 10
528 474 10
528 475 10
528 485 10
528 487 10
528 488 10
528 489 10
528 490 10
528 491 10
528 493 10
528 498 10
528 501 10
528 502 10
528 504 10
528 505 10
528 514 10
528 520 10
528 522 10
528 526 10
528 528 10
528 529 10
528 531 10
528 533 10
528 534 10
528 535 10
528 536 10
528 538 10
528 539 10
528 550 10
528 557 10
528 569 10
528 570 10
528 571 10
529 462 10
529 465 10
529 468 10
529 469 10
529 470 10
529 472 10
529 474 10
529 476 10
529 477 10
529 478 10
529 481 10
529 483 10
529 485 10
529 487 10
529 488 10
529 490 10
529 492 10
529 494 10
529 499 10
529 500 10
529 501 10
529 503 10
529 506 10
529 511 10
529 520 10
529 522 10
529 523 10
529 524 10
529 525 10
529 526 10
529 527 10
529 528 10
529 531 10
529 532 10
529 535 10
529 537 10
529 538 10
529 539 10
529 555 10
529 557 10
529 558 10
529 569 10
529 571 10
530 467 10
530 468 10
530 469 10
530 474 10
530 476 10
530 477 10
530 478 10
530 481 10
530 483 10
530 485 10
530 486 10
530 487 10
530 492 10
530 493 10
530 495 10
530 497 10
530 498 10
530 499 10
530 500 10
530 502 10
530 504 10
530 507 10
530 509 10
530 522 10
530 523 10
530 526 10
530 528 10
530 530 10
530 531 10
530 535 10
530 536 10
530 553 10
530 554 10
530 555 10
530 556 10
530 557 10
530 559 10
530 560 10
530 561 10
531 469 10
531 476 10
531 477 10
531 478 10
531 479 10
531 483 10
531 484 10
531 486 10
531 488 10
531 489 10
531 490 10
531 491 10
531 492 10
531 493 10
531 495 10
531 496 10
531 497 10
531 498 10
531 499 10
531 500 10
531 501 10
531 502 10
531 503 10
531 505 10
531 523 10
531 525 10
531 526 10
531 527 10
531 528 10
531 531 10
531 535 10
531 536 10
531 552 10
531 556 10
531 557 10
531 558 10
531 560 10
531 561 10
531 562 10
531 565 10
532 471 10
532 475 10
532 476 10
532 482 10
532 485 10
532 488 10
532 491 10
532 492 10
532 494 10
532 496 10
532 497 10
532 498 10
532 499 10
532 501 10
532 502 10
532 503 10
532 519 10
532 522 10
532 525 10
532 527 10
532 528 10
532 529 10
532 530 10
532 531 10
532 536 10
532 538 10
532 542 10
532 555 10
532 556 10
532 557 10
532 558 10
532 559 10
532 560 10
532 562 10
532 563 10
533 474 10
533 479 10
533 483 10
533 485 10
533 493 10
533 494 10
533 496 10
533 497 10
533 498 10
533 499 10
533 500 10
533 501 10
533 502 10
533 503 10
533 506 10
533 518 10
533 522 10
533 524 10
533 526 10
533 527 10
533 530 10
533 535 10
533 538 10
533 552 10
533 553 10
533 554 10
533 556 10
533 557 10
533 559 10
534 477 10
534 484 10
534 485 10
534 486 10
534 487 10
534 489 10
534 490 10
534 494 10
534 495 10
534 500 10
534 501 10
534 502 10
534 503 10
534 504 10
534 505 10
534 507 10
534 515 10
534 517 10
534 521 10
534 524 10
534 525 10
534 538 10
534 541 10
534 553 10
534 556 10
534 557 10
534 558 10
534 560 10
534 561 10
534 562 10
535 472 10
535 476 10
535 488 10
535 492 10
535 493 10
535 494 10
535 495 10
535 497 10
535 498 10
535 500 10
535 502 10
535 503 10
535 504 10
535 511 10
535 512 10
535 516 10
535 517 10
535 530 10
535 531 10
535 534 10
535 541 10
535 553 10
535 554 10
535 555 10
535 557 10
535 558 10
535 559 10
535 561 10
536 478 10
536 484 10
536 486 10
536 489 10
536 490 10
536 493 10
536 494 10
536 496 10
536 500 10
536 505 10
536 509 10
536 513 10
536 515 10
536 516 10
536 518 10
536 521 10
536 523 10
536 525 10
536 532 10
536 540 10
536 554 10
536 556 10
536 557 10
536 559 10
536 561 10
537 471 10
537 472 10
537 477 10
537 481 10
537 486 10
537 489 10
537 490 10
537 496 10
537 498 10
537 499 10
537 500 10
537 509 10
537 510 10
537 511 10
537 514 10
537 517 10
537 528 10
537 554 10
537 556 10
537 560 10
538 474 10
538 476 10
538 477 10
538 478 10
538 487 10
538 490 10
538 493 10
538 497 10
538 502 10
538 511 10
538 512 10
538 517 10
538 518 10
538 519 10
538 523 10
538 524 10
538 529 10
538 553 10
538 558 10
539 474 10
539 476 10
539 477 10
539 489 10
539 490 10
539 496 10
539 497 10
539 500 10
539 501 10
539 505 10
539 513 10
539 516 10
539 519 10
539 521 10
539 528 10
539 529 10
539 531 10
539 532 10
539 553 10
539 556 10
539 558 10
540 474 10
540 476 10
540 480 10
540 488 10
540 489 10
540 492 10
540 497 10
540 506 10
540 519 10
540 520 10
540 529 10
540 530 10
540 558 10
541 477 10
541 478 10
541 479 10
541 481 10
541 487 10
541 492 10
541 496 10
541 498 10
541 500 10
541 510 10
541 512 10
541 513 10
541 515 10
541 518 10
541 519 10
541 521 10
541 522 10
541 523 10
541 525 10
541 526 10
541 528 10
541 530 10
541 531 10
541 533 10
541 534 10
541 554 10
542 490 10
542 492 10
542 494 10
542 495 10
542 498 10
542 510 10
542 514 10
542 515 10
542 520 10
542 522 10
542 523 10
542 525 10
542 530 10
542 531 10
543 478 10
543 481 10
543 491 10
543 493 10
543 503 10
543 504 10
543 508 10
543 509 10
543 512 10
543 513 10
543 515 10
543 521 10
543 523 10
543 524 10
543 526 10
543 531 10
543 533 10
543 537 10
543 538 10
544 480 10
544 482 10
544 503 10
544 507 10
544 509 10
544 521 10
544 522 10
544 523 10
544 524 10
544 527 10
544 531 10
544 532 10
544 535 10
544 542 10
545 476 10
545 479 10
545 482 10
545 504 10
545 508 10
545 509 10
545 514 10
545 515 10
545 523 10
545 524 10
545 532 10
545 538 10
546 480 10
546 504 10
546 514 10
546 515 10
546 517 10
546 521 10
546 523 10
546 525 10
546 526 10
546 529 10
546 531 10
546 532 10
546 537 10
546 544 10
547 504 10
547 505 10
547 513 10
547 515 10
547 518 10
547 520 10
547 526 10
548 504 10
548 514 10
548 516 10
548 517 10
548 518 10
548 519 10
548 529 10
548 530 10
548 531 10
548 532 10
548 534 10
548 535 10
548 536 10
548 541 10
549 507 10
549 512 10
549 516 10
549 525 10
549 526 10
549 527 10
549 528 10
549 529 10
549 530 10
549 537 10
550 502 10
550 503 10
550 513 10
550 520 10
550 523 10
550 531 10
550 532 10
550 540 10
551 500 10
551 505 10
552 513 10
552 525 10
552 529 10
552 530 10
553 524 10
553 531 10
553 533 10
554 526 10
554 528 10
554 529 10
554 531 10
555 525 10
555 527 10
555 528 10
555 531 10
556 511 10
556 515 10
556 517 10
556 518 10
556 526 10
556 527 10
556 528 10
556 531 10
557 513 10
557 523 10
557 527 10
557 531 10
557 533 10
558 511 10
558 513 10
558 514 10
558 523 10
558 525 10
558 527 10
558 530 10
558 531 10
559 511 10
559 512 10
559 513 10
559 518 10
559 522 10
559 526 10
559 528 10
559 529 10
559 530 10
560 505 10
560 507 10
560 512 10
560 516 10
560 526 10
560 528 10
560 530 10
561 512 10
561 515 10
561 516 10
561 520 10
561 522 10
561 523 10
561 525 10
561 526 10
561 528 10
561 530 10
561 531 10
561 532 10
562 519 10
562 520 10
562 529 10
562 530 10
562 531 10
562 539 10
563 519 10
563 521 10
563 524 10
563 527 10
563 529 10
563 533 10
563 535 10
563 537 10
563 539 10
564 524 10
564 534 10
565 534 10
565 536 10
566 528 10
566 531 10
566 533 10
566 534 10
566 541 10
567 524 10
567 525 10
567 526 10
567 527 10
567 529 10
567 531 10
567 533 10
567 541 10
568 530 10
568 531 10
568 538 10
569 512 10
569 515 10
569 523 10
569 528 10
570 527 10
570 536 10
570 538 10
571 512 10
571 515 10
571 536 10
572 511 10
572 536 10
572 539 10
573 526 10
573 530 10
573 531 10
573 538 10
574 512 10
574 513 10
574 527 10
574 528 10
574 531 10
574 537 10
574 538 10
574 539 10
575 526 10
575 527 10
575 532 10
577 527 10
578 530 10
578 532 10
