1024
380 506 10
381 509 10
383 512 10
384 505 10
384 507 10
384 509 10
384 510 10
384 511 10
385 500 10
385 505 10
385 506 10
385 509 10
386 500 10
386 501 10
386 502 10
386 503 10
386 505 10
386 507 10
387 474 10
387 476 10
387 478 10
387 503 10
388 476 10
388 478 10
388 501 10
388 503 10
388 504 10
388 511 10
389 477 10
389 495 10
389 502 10
389 505 10
389 510 10
389 511 10
390 476 10
390 496 10
390 505 10
390 508 10
390 509 10
391 475 10
391 496 10
391 497 10
391 500 10
391 504 10
391 505 10
391 507 10
391 508 10
391 510 10
391 511 10
392 476 10
392 481 10
392 494 10
392 495 10
392 497 10
392 498 10
392 500 10
392 508 10
393 475 10
393 480 10
393 484 10
393 494 10
393 496 10
393 502 10
393 503 10
393 504 10
393 505 10
393 507 10
394 476 10
394 479 10
394 483 10
394 484 10
394 493 10
394 494 10
394 497 10
394 504 10
394 506 10
394 507 10
394 508 10
394 521 10
394 527 10
394 529 10
395 470 10
395 476 10
395 477 10
395 480 10
395 481 10
395 482 10
395 484 10
395 495 10
395 503 10
395 504 10
395 505 10
395 506 10
395 507 10
395 508 10
395 510 10
395 511 10
395 514 10
395 520 10
395 529 10
395 531 10
396 477 10
396 483 10
396 484 10
396 505 10
396 506 10
396 507 10
396 510 10
396 511 10
396 514 10
396 520 10
396 521 10
396 526 10
396 527 10
396 530 10
396 531 10
397 473 10
397 474 10
397 475 10
397 476 10
397 477 10
397 479 10
397 480 10
397 484 10
397 502 10
397 504 10
397 505 10
397 506 10
397 508 10
397 509 10
397 510 10
397 513 10
397 514 10
397 530 10
397 531 10
398 472 10
398 474 10
398 497 10
398 503 10
398 506 10
398 510 10
398 512 10
398 517 10
398 518 10
398 519 10
398 521 10
398 528 10
398 529 10
398 532 10
399 473 10
399 474 10
399 475 10
399 476 10
399 477 10
399 506 10
399 507 10
399 508 10
399 511 10
399 512 10
399 513 10
399 518 10
399 520 10
399 521 10
399 525 10
399 531 10
400 469 10
400 472 10
400 473 10
400 475 10
400 477 10
400 479 10
400 497 10
400 509 10
400 511 10
400 512 10
400 513 10
400 517 10
400 521 10
401 472 10
401 479 10
401 480 10
401 482 10
401 483 10
401 497 10
401 510 10
401 513 10
401 515 10
401 518 10
401 522 10
401 523 10
401 524 10
402 471 10
402 472 10
402 474 10
402 476 10
402 477 10
402 478 10
402 480 10
402 482 10
402 493 10
402 508 10
402 510 10
402 511 10
402 512 10
402 513 10
402 517 10
402 527 10
403 470 10
403 471 10
403 472 10
403 473 10
403 475 10
403 476 10
403 477 10
403 479 10
403 480 10
403 481 10
403 483 10
403 488 10
403 489 10
403 490 10
403 494 10
403 513 10
403 517 10
403 519 10
403 523 10
403 527 10
403 529 10
404 473 10
404 474 10
404 476 10
404 477 10
404 478 10
404 479 10
404 481 10
404 485 10
404 488 10
404 489 10
404 490 10
404 491 10
404 492 10
404 493 10
404 509 10
404 511 10
404 517 10
404 518 10
404 520 10
404 521 10
404 523 10
405 471 10
405 475 10
405 476 10
405 477 10
405 478 10
405 479 10
405 480 10
405 481 10
405 485 10
405 486 10
405 489 10
405 490 10
405 491 10
405 492 10
405 493 10
405 502 10
405 509 10
405 518 10
405 519 10
405 521 10
405 524 10
406 471 10
406 473 10
406 474 10
406 475 10
406 476 10
406 477 10
406 478 10
406 480 10
406 487 10
406 488 10
406 489 10
406 490 10
406 491 10
406 492 10
406 494 10
406 502 10
406 504 10
407 471 10
407 477 10
407 478 10
407 479 10
407 480 10
407 482 10
407 487 10
407 490 10
407 491 10
407 494 10
407 501 10
407 508 10
407 509 10
407 519 10
407 523 10
407 524 10
408 474 10
408 475 10
408 477 10
408 478 10
408 479 10
408 480 10
408 481 10
408 482 10
408 485 10
408 486 10
408 488 10
408 489 10
408 490 10
408 491 10
408 494 10
408 511 10
408 515 10
408 521 10
408 523 10
409 475 10
409 476 10
409 477 10
409 478 10
409 481 10
409 482 10
409 484 10
409 488 10
409 489 10
409 490 10
409 492 10
409 493 10
409 494 10
409 496 10
409 502 10
409 503 10
409 508 10
409 509 10
409 510 10
409 511 10
409 521 10
410 474 10
410 475 10
410 476 10
410 477 10
410 478 10
410 479 10
410 481 10
410 484 10
410 485 10
410 486 10
410 488 10
410 490 10
410 491 10
410 493 10
410 494 10
410 523 10
411 474 10
411 476 10
411 478 10
411 481 10
411 482 10
411 483 10
411 486 10
411 487 10
411 492 10
411 494 10
411 495 10
411 497 10
411 502 10
411 503 10
411 508 10
411 516 10
412 474 10
412 476 10
412 478 10
412 484 10
412 488 10
412 489 10
412 499 10
412 501 10
412 522 10
412 523 10
412 525 10
413 474 10
413 478 10
413 479 10
413 482 10
413 484 10
413 487 10
413 488 10
413 492 10
413 493 10
413 497 10
413 501 10
413 518 10
413 520 10
413 529 10
414 481 10
414 482 10
414 483 10
414 485 10
414 486 10
414 489 10
414 490 10
414 491 10
414 493 10
414 495 10
414 497 10
414 531 10
415 482 10
415 483 10
415 485 10
415 486 10
415 488 10
415 491 10
415 492 10
415 494 10
415 497 10
415 520 10
416 479 10
416 482 10
416 483 10
416 484 10
416 486 10
416 488 10
416 490 10
416 493 10
416 494 10
416 496 10
416 497 10
417 483 10
417 485 10
417 488 10
417 493 10
417 496 10
417 499 10
417 500 10
417 501 10
417 530 10
417 532 10
418 485 10
418 486 10
418 493 10
418 496 10
418 497 10
419 483 10
419 489 10
419 491 10
419 493 10
419 495 10
419 496 10
419 499 10
419 503 10
419 522 10
419 529 10
419 533 10
419 535 10
420 488 10
420 491 10
420 492 10
420 493 10
420 494 10
420 496 10
420 498 10
420 500 10
420 501 10
420 503 10
420 507 10
420 518 10
420 520 10
420 533 10
420 536 10
421 488 10
421 493 10
421 494 10
421 495 10
421 496 10
421 498 10
421 504 10
421 516 10
421 536 10
422 483 10
422 484 10
422 486 10
422 487 10
422 488 10
422 490 10
422 491 10
422 492 10
422 493 10
422 495 10
422 500 10
422 502 10
422 503 10
422 504 10
422 507 10
422 508 10
422 525 10
422 529 10
422 530 10
422 531 10
422 533 10
422 534 10
422 535 10
423 473 10
423 480 10
423 484 10
423 486 10
423 488 10
423 500 10
423 501 10
423 505 10
423 506 10
423 507 10
423 527 10
423 529 10
423 530 10
423 533 10
424 471 10
424 472 10
424 484 10
424 486 10
424 487 10
424 496 10
424 497 10
424 499 10
424 500 10
424 501 10
424 507 10
424 508 10
424 511 10
424 513 10
424 528 10
424 532 10
424 534 10
425 472 10
425 473 10
425 474 10
425 479 10
425 484 10
425 487 10
425 491 10
425 498 10
425 499 10
425 501 10
425 508 10
425 528 10
425 529 10
425 534 10
426 470 10
426 471 10
426 474 10
426 486 10
426 497 10
426 498 10
426 501 10
426 504 10
426 505 10
426 507 10
426 510 10
426 511 10
426 514 10
427 473 10
427 479 10
427 483 10
427 486 10
427 492 10
427 495 10
427 496 10
427 498 10
427 500 10
427 502 10
427 503 10
427 507 10
427 508 10
427 509 10
427 510 10
427 511 10
427 514 10
428 467 10
428 471 10
428 472 10
428 474 10
428 476 10
428 481 10
428 482 10
428 487 10
428 489 10
428 491 10
428 494 10
428 501 10
428 504 10
428 506 10
428 507 10
428 509 10
428 511 10
428 514 10
428 515 10
428 516 10
428 517 10
429 470 10
429 472 10
429 474 10
429 475 10
429 477 10
429 478 10
429 479 10
429 483 10
429 487 10
429 490 10
429 492 10
429 494 10
429 498 10
429 499 10
429 501 10
429 503 10
429 506 10
429 509 10
429 510 10
429 511 10
429 513 10
429 514 10
429 515 10
430 468 10
430 475 10
430 478 10
430 480 10
430 483 10
430 484 10
430 485 10
430 492 10
430 494 10
430 496 10
430 498 10
430 505 10
430 506 10
430 507 10
430 508 10
430 512 10
430 514 10
430 515 10
430 516 10
430 517 10
430 519 10
431 473 10
431 476 10
431 480 10
431 482 10
431 483 10
431 485 10
431 489 10
431 490 10
431 492 10
431 495 10
431 498 10
431 503 10
431 509 10
431 510 10
431 512 10
431 518 10
432 473 10
432 474 10
432 475 10
432 476 10
432 479 10
432 481 10
432 493 10
432 494 10
432 495 10
432 496 10
432 503 10
432 505 10
432 509 10
432 513 10
432 514 10
432 517 10
432 518 10
433 476 10
433 480 10
433 483 10
433 489 10
433 491 10
433 495 10
433 496 10
433 497 10
433 500 10
433 505 10
433 506 10
433 508 10
433 514 10
433 516 10
434 474 10
434 479 10
434 481 10
434 485 10
434 488 10
434 489 10
434 490 10
434 495 10
434 496 10
434 498 10
434 500 10
434 501 10
434 507 10
434 508 10
434 509 10
434 512 10
434 513 10
434 538 10
435 479 10
435 481 10
435 485 10
435 488 10
435 492 10
435 495 10
435 502 10
435 506 10
435 509 10
435 510 10
435 520 10
435 534 10
435 539 10
436 482 10
436 483 10
436 485 10
436 487 10
436 492 10
436 496 10
436 497 10
436 498 10
436 504 10
436 507 10
436 508 10
436 509 10
436 532 10
436 537 10
437 477 10
437 479 10
437 483 10
437 486 10
437 487 10
437 489 10
437 491 10
437 492 10
437 494 10
437 496 10
437 505 10
437 506 10
437 507 10
437 513 10
437 521 10
437 533 10
437 535 10
437 536 10
438 481 10
438 486 10
438 488 10
438 489 10
438 491 10
438 498 10
438 506 10
438 507 10
438 521 10
438 524 10
438 536 10
439 486 10
439 491 10
439 492 10
439 493 10
439 499 10
439 500 10
439 508 10
439 511 10
439 513 10
439 517 10
439 521 10
439 523 10
439 525 10
440 485 10
440 486 10
440 487 10
440 488 10
440 491 10
440 493 10
440 497 10
440 498 10
440 501 10
440 506 10
440 510 10
440 511 10
440 524 10
441 467 10
441 469 10
441 492 10
441 500 10
441 506 10
441 507 10
441 511 10
441 513 10
441 517 10
441 520 10
441 523 10
441 525 10
441 535 10
442 488 10
442 495 10
442 497 10
442 498 10
442 505 10
442 511 10
442 512 10
442 520 10
442 521 10
442 523 10
442 526 10
442 535 10
443 467 10
443 468 10
443 488 10
443 498 10
443 500 10
443 507 10
443 508 10
443 509 10
443 510 10
443 511 10
443 512 10
443 525 10
444 462 10
444 466 10
444 468 10
444 469 10
444 482 10
444 491 10
444 496 10
444 500 10
444 503 10
444 509 10
444 510 10
444 511 10
444 517 10
444 519 10
445 458 10
445 461 10
445 463 10
445 465 10
445 467 10
445 468 10
445 469 10
445 470 10
445 472 10
445 480 10
445 484 10
445 487 10
445 489 10
445 501 10
445 505 10
445 507 10
445 508 10
445 509 10
445 510 10
445 516 10
445 517 10
445 519 10
445 522 10
446 461 10
446 463 10
446 466 10
446 468 10
446 469 10
446 470 10
446 471 10
446 473 10
446 476 10
446 480 10
446 481 10
446 485 10
446 487 10
446 493 10
446 502 10
446 503 10
446 508 10
446 512 10
446 516 10
446 521 10
447 459 10
447 461 10
447 462 10
447 469 10
447 471 10
447 472 10
447 478 10
447 482 10
447 483 10
447 491 10
447 492 10
447 500 10
447 502 10
447 506 10
447 507 10
447 514 10
447 516 10
447 518 10
447 519 10
447 520 10
447 521 10
447 523 10
447 524 10
447 525 10
447 526 10
448 465 10
448 467 10
448 469 10
448 478 10
448 479 10
448 482 10
448 483 10
448 484 10
448 485 10
448 487 10
448 493 10
448 500 10
448 502 10
448 505 10
448 507 10
448 508 10
448 509 10
448 512 10
448 514 10
448 515 10
448 520 10
448 524 10
449 468 10
449 469 10
449 476 10
449 479 10
449 480 10
449 481 10
449 482 10
449 483 10
449 484 10
449 486 10
449 510 10
449 522 10
449 523 10
449 524 10
450 459 10
450 462 10
450 463 10
450 465 10
450 467 10
450 469 10
450 470 10
450 471 10
450 472 10
450 473 10
450 477 10
450 482 10
450 485 10
450 487 10
450 488 10
450 492 10
450 500 10
450 507 10
450 509 10
450 510 10
450 511 10
450 513 10
450 515 10
450 517 10
450 519 10
450 521 10
450 522 10
450 527 10
450 528 10
451 462 10
451 466 10
451 468 10
451 469 10
451 472 10
451 475 10
451 476 10
451 477 10
451 479 10
451 481 10
451 482 10
451 486 10
451 487 10
451 489 10
451 492 10
451 499 10
451 510 10
451 511 10
451 513 10
451 517 10
451 518 10
451 520 10
451 521 10
451 531 10
451 535 10
452 465 10
452 467 10
452 468 10
452 472 10
452 473 10
452 477 10
452 480 10
452 482 10
452 483 10
452 485 10
452 486 10
452 490 10
452 508 10
452 512 10
452 513 10
452 516 10
452 519 10
452 522 10
452 523 10
452 526 10
452 528 10
452 531 10
452 536 10
453 458 10
453 462 10
453 471 10
453 472 10
453 474 10
453 475 10
453 476 10
453 477 10
453 478 10
453 479 10
453 480 10
453 482 10
453 485 10
453 486 10
453 487 10
453 488 10
453 489 10
453 497 10
453 500 10
453 511 10
453 515 10
453 518 10
453 519 10
453 521 10
453 522 10
453 523 10
453 525 10
453 528 10
453 533 10
453 534 10
454 457 10
454 463 10
454 466 10
454 478 10
454 479 10
454 480 10
454 481 10
454 482 10
454 483 10
454 485 10
454 486 10
454 487 10
454 488 10
454 495 10
454 500 10
454 502 10
454 504 10
454 505 10
454 512 10
454 518 10
454 523 10
454 525 10
454 526 10
454 527 10
454 528 10
455 469 10
455 470 10
455 471 10
455 476 10
455 477 10
455 478 10
455 479 10
455 480 10
455 481 10
455 482 10
455 484 10
455 485 10
455 487 10
455 488 10
455 489 10
455 499 10
455 501 10
455 503 10
455 504 10
455 505 10
455 507 10
455 508 10
455 511 10
455 516 10
455 521 10
455 524 10
455 527 10
455 528 10
456 463 10
456 466 10
456 469 10
456 470 10
456 472 10
456 476 10
456 478 10
456 479 10
456 480 10
456 481 10
456 482 10
456 485 10
456 486 10
456 487 10
456 488 10
456 489 10
456 494 10
456 499 10
456 500 10
456 501 10
456 503 10
456 504 10
456 505 10
456 506 10
456 507 10
456 509 10
456 510 10
456 511 10
456 512 10
456 516 10
456 517 10
456 519 10
456 526 10
456 527 10
456 540 10
457 445 10
457 457 10
457 459 10
457 463 10
457 465 10
457 467 10
457 468 10
457 471 10
457 474 10
457 476 10
457 477 10
457 478 10
457 480 10
457 481 10
457 482 10
457 483 10
457 484 10
457 485 10
457 486 10
457 487 10
457 488 10
457 489 10
457 494 10
457 500 10
457 501 10
457 502 10
457 503 10
457 504 10
457 505 10
457 506 10
457 507 10
457 514 10
457 515 10
457 516 10
457 517 10
457 519 10
457 523 10
457 526 10
457 538 10
458 446 10
458 447 10
458 451 10
458 456 10
458 459 10
458 462 10
458 468 10
458 470 10
458 471 10
458 473 10
458 474 10
458 475 10
458 476 10
458 479 10
458 481 10
458 482 10
458 483 10
458 484 10
458 485 10
458 487 10
458 489 10
458 492 10
458 493 10
458 496 10
458 497 10
458 498 10
458 500 10
458 501 10
458 502 10
458 503 10
458 504 10
458 505 10
458 506 10
458 508 10
458 511 10
458 512 10
458 516 10
458 518 10
458 519 10
458 521 10
458 522 10
458 526 10
458 527 10
459 456 10
459 457 10
459 460 10
459 462 10
459 465 10
459 466 10
459 472 10
459 473 10
459 475 10
459 476 10
459 477 10
459 479 10
459 480 10
459 481 10
459 486 10
459 487 10
459 489 10
459 498 10
459 499 10
459 500 10
459 502 10
459 503 10
459 504 10
459 505 10
459 506 10
459 512 10
459 518 10
459 520 10
459 523 10
459 525 10
459 527 10
460 454 10
460 456 10
460 457 10
460 458 10
460 459 10
460 460 10
460 461 10
460 462 10
460 465 10
460 466 10
460 468 10
460 469 10
460 472 10
460 475 10
460 478 10
460 480 10
460 481 10
460 483 10
460 484 10
460 485 10
460 486 10
460 487 10
460 488 10
460 490 10
460 502 10
460 503 10
460 505 10
460 510 10
460 512 10
460 513 10
460 515 10
460 516 10
460 517 10
460 518 10
460 519 10
460 520 10
460 524 10
460 526 10
460 527 10
461 454 10
461 456 10
461 457 10
461 458 10
461 460 10
461 462 10
461 464 10
461 466 10
461 467 10
461 471 10
461 474 10
461 475 10
461 477 10
461 478 10
461 480 10
461 481 10
461 484 10
461 486 10
461 490 10
461 493 10
461 495 10
461 497 10
461 498 10
461 500 10
461 501 10
461 502 10
461 503 10
461 504 10
461 505 10
461 507 10
461 508 10
461 512 10
461 514 10
461 517 10
461 522 10
461 523 10
461 526 10
461 527 10
461 528 10
461 529 10
461 530 10
462 452 10
462 453 10
462 454 10
462 457 10
462 459 10
462 461 10
462 463 10
462 464 10
462 467 10
462 468 10
462 471 10
462 472 10
462 474 10
462 475 10
462 476 10
462 478 10
462 482 10
462 485 10
462 489 10
462 491 10
462 492 10
462 496 10
462 498 10
462 503 10
462 507 10
462 508 10
462 509 10
462 510 10
462 512 10
462 514 10
462 516 10
462 517 10
462 519 10
462 524 10
462 525 10
463 430 10
463 452 10
463 455 10
463 458 10
463 460 10
463 463 10
463 464 10
463 466 10
463 467 10
463 468 10
463 469 10
463 472 10
463 473 10
463 478 10
463 479 10
463 480 10
463 482 10
463 483 10
463 488 10
463 492 10
463 495 10
463 497 10
463 500 10
463 502 10
463 507 10
463 508 10
463 509 10
463 511 10
463 515 10
463 516 10
463 517 10
463 523 10
463 524 10
463 526 10
464 432 10
464 433 10
464 443 10
464 453 10
464 454 10
464 456 10
464 457 10
464 460 10
464 462 10
464 463 10
464 465 10
464 466 10
464 468 10
464 469 10
464 470 10
464 471 10
464 472 10
464 476 10
464 480 10
464 481 10
464 482 10
464 491 10
464 494 10
464 497 10
464 498 10
464 501 10
464 503 10
464 504 10
464 506 10
464 507 10
464 508 10
464 517 10
464 525 10
464 526 10
465 430 10
465 431 10
465 434 10
465 435 10
465 445 10
465 447 10
465 452 10
465 453 10
465 455 10
465 458 10
465 459 10
465 465 10
465 466 10
465 467 10
465 468 10
465 469 10
465 472 10
465 473 10
465 475 10
465 476 10
465 487 10
465 489 10
465 500 10
465 501 10
465 502 10
465 503 10
465 504 10
465 505 10
465 506 10
465 508 10
465 511 10
466 431 10
466 445 10
466 447 10
466 453 10
466 459 10
466 466 10
466 470 10
466 471 10
466 474 10
466 476 10
466 485 10
466 489 10
466 499 10
466 500 10
466 502 10
466 505 10
466 507 10
466 508 10
466 514 10
466 515 10
467 461 10
467 463 10
467 464 10
467 466 10
467 467 10
467 469 10
467 471 10
467 472 10
467 474 10
467 476 10
467 497 10
467 500 10
467 501 10
467 504 10
467 505 10
467 506 10
467 507 10
467 509 10
467 510 10
467 511 10
467 513 10
467 514 10
467 517 10
467 519 10
467 527 10
467 530 10
467 531 10
467 532 10
467 534 10
468 428 10
468 436 10
468 440 10
468 441 10
468 458 10
468 459 10
468 460 10
468 461 10
468 466 10
468 468 10
468 469 10
468 470 10
468 471 10
468 472 10
468 474 10
468 475 10
468 479 10
468 485 10
468 496 10
468 497 10
468 498 10
468 499 10
468 500 10
468 501 10
468 506 10
468 508 10
468 514 10
468 515 10
468 527 10
468 529 10
468 530 10
468 531 10
468 532 10
468 534 10
468 536 10
469 426 10
469 440 10
469 442 10
469 447 10
469 461 10
469 465 10
469 467 10
469 470 10
469 474 10
469 475 10
469 477 10
469 484 10
469 501 10
469 503 10
469 505 10
469 506 10
469 508 10
469 511 10
469 512 10
469 514 10
469 517 10
469 528 10
469 529 10
469 532 10
469 534 10
470 439 10
470 440 10
470 441 10
470 442 10
470 454 10
470 457 10
470 469 10
470 470 10
470 472 10
470 473 10
470 474 10
470 497 10
470 499 10
470 500 10
470 501 10
470 504 10
470 507 10
470 509 10
470 510 10
470 514 10
470 515 10
470 516 10
470 518 10
470 527 10
470 528 10
470 530 10
470 531 10
470 533 10
470 535 10
470 536 10
471 426 10
471 436 10
471 438 10
471 441 10
471 444 10
471 445 10
471 447 10
471 448 10
471 450 10
471 454 10
471 457 10
471 460 10
471 461 10
471 462 10
471 467 10
471 470 10
471 471 10
471 473 10
471 482 10
471 488 10
471 497 10
471 500 10
471 502 10
471 503 10
471 504 10
471 505 10
471 506 10
471 507 10
471 509 10
471 510 10
471 511 10
471 513 10
471 529 10
471 530 10
471 531 10
471 532 10
471 535 10
472 425 10
472 438 10
472 439 10
472 440 10
472 442 10
472 445 10
472 446 10
472 449 10
472 452 10
472 453 10
472 456 10
472 457 10
472 460 10
472 465 10
472 466 10
472 468 10
472 474 10
472 483 10
472 485 10
472 492 10
472 498 10
472 499 10
472 500 10
472 501 10
472 502 10
472 503 10
472 506 10
472 507 10
472 509 10
472 516 10
472 531 10
472 533 10
473 427 10
473 428 10
473 430 10
473 438 10
473 439 10
473 441 10
473 442 10
473 444 10
473 445 10
473 446 10
473 447 10
473 450 10
473 452 10
473 454 10
473 457 10
473 463 10
473 465 10
473 467 10
473 472 10
473 473 10
473 479 10
473 480 10
473 481 10
473 482 10
473 486 10
473 488 10
473 499 10
473 500 10
473 501 10
473 503 10
473 504 10
473 512 10
473 514 10
473 515 10
473 516 10
473 517 10
473 522 10
474 428 10
474 430 10
474 434 10
474 435 10
474 439 10
474 440 10
474 441 10
474 442 10
474 443 10
474 450 10
474 451 10
474 453 10
474 454 10
474 456 10
474 458 10
474 460 10
474 466 10
474 467 10
474 479 10
474 481 10
474 484 10
474 491 10
474 496 10
474 499 10
474 501 10
474 503 10
474 506 10
474 508 10
474 509 10
474 510 10
474 512 10
474 523 10
474 531 10
475 431 10
475 433 10
475 434 10
475 444 10
475 448 10
475 451 10
475 453 10
475 454 10
475 456 10
475 458 10
475 461 10
475 466 10
475 474 10
475 475 10
475 479 10
475 480 10
475 481 10
475 482 10
475 490 10
475 495 10
475 497 10
475 499 10
475 500 10
475 502 10
475 504 10
475 506 10
475 508 10
475 510 10
475 516 10
475 517 10
475 518 10
476 433 10
476 434 10
476 435 10
476 443 10
476 445 10
476 448 10
476 450 10
476 452 10
476 453 10
476 455 10
476 456 10
476 457 10
476 466 10
476 468 10
476 469 10
476 478 10
476 479 10
476 480 10
476 484 10
476 485 10
476 492 10
476 494 10
476 496 10
476 497 10
476 498 10
476 499 10
476 502 10
476 503 10
476 504 10
476 509 10
476 510 10
476 513 10
476 514 10
476 516 10
476 517 10
476 519 10
476 520 10
476 524 10
476 532 10
477 427 10
477 429 10
477 435 10
477 439 10
477 442 10
477 445 10
477 447 10
477 449 10
477 450 10
477 451 10
477 452 10
477 453 10
477 454 10
477 480 10
477 482 10
477 486 10
477 492 10
477 494 10
477 496 10
477 507 10
477 510 10
477 511 10
477 513 10
477 516 10
477 517 10
477 518 10
477 519 10
477 520 10
477 523 10
477 537 10
477 538 10
478 439 10
478 440 10
478 447 10
478 449 10
478 450 10
478 454 10
478 456 10
478 460 10
478 465 10
478 466 10
478 470 10
478 472 10
478 479 10
478 480 10
478 481 10
478 482 10
478 485 10
478 486 10
478 489 10
478 492 10
478 493 10
478 494 10
478 495 10
478 498 10
478 500 10
478 501 10
478 503 10
478 509 10
478 511 10
478 513 10
478 514 10
478 515 10
478 516 10
478 517 10
478 518 10
478 519 10
478 520 10
478 525 10
478 533 10
478 534 10
478 535 10
479 438 10
479 445 10
479 447 10
479 448 10
479 449 10
479 464 10
479 466 10
479 473 10
479 483 10
479 485 10
479 489 10
479 490 10
479 491 10
479 495 10
479 497 10
479 501 10
479 510 10
479 512 10
479 516 10
479 517 10
479 518 10
479 519 10
479 520 10
479 521 10
479 527 10
479 528 10
479 532 10
479 533 10
479 534 10
479 536 10
479 538 10
479 539 10
480 445 10
480 446 10
480 447 10
480 448 10
480 464 10
480 469 10
480 471 10
480 473 10
480 476 10
480 477 10
480 481 10
480 482 10
480 487 10
480 489 10
480 493 10
480 496 10
480 497 10
480 498 10
480 499 10
480 500 10
480 511 10
480 512 10
480 515 10
480 516 10
480 517 10
480 518 10
480 519 10
480 520 10
480 521 10
480 530 10
480 535 10
480 536 10
480 537 10
481 439 10
481 445 10
481 470 10
481 472 10
481 473 10
481 480 10
481 482 10
481 483 10
481 486 10
481 487 10
481 489 10
481 491 10
481 499 10
481 501 10
481 506 10
481 508 10
481 509 10
481 514 10
481 515 10
481 517 10
481 518 10
481 519 10
481 520 10
481 521 10
481 522 10
481 525 10
481 527 10
481 529 10
481 531 10
481 538 10
481 543 10
481 546 10
482 438 10
482 440 10
482 441 10
482 442 10
482 443 10
482 446 10
482 473 10
482 475 10
482 476 10
482 479 10
482 484 10
482 487 10
482 488 10
482 491 10
482 492 10
482 493 10
482 496 10
482 498 10
482 499 10
482 500 10
482 503 10
482 507 10
482 509 10
482 510 10
482 511 10
482 512 10
482 515 10
482 516 10
482 517 10
482 518 10
482 519 10
482 520 10
482 521 10
482 523 10
482 524 10
482 525 10
482 526 10
482 527 10
482 533 10
482 536 10
482 539 10
482 541 10
482 551 10
483 437 10
483 443 10
483 446 10
483 470 10
483 472 10
483 473 10
483 477 10
483 482 10
483 483 10
483 484 10
483 485 10
483 486 10
483 487 10
483 490 10
483 491 10
483 493 10
483 495 10
483 496 10
483 498 10
483 502 10
483 505 10
483 509 10
483 510 10
483 512 10
483 513 10
483 514 10
483 517 10
483 518 10
483 519 10
483 520 10
483 524 10
483 534 10
483 546 10
484 435 10
484 439 10
484 440 10
484 441 10
484 443 10
484 445 10
484 447 10
484 449 10
484 452 10
484 472 10
484 474 10
484 475 10
484 480 10
484 481 10
484 482 10
484 483 10
484 486 10
484 487 10
484 488 10
484 489 10
484 490 10
484 491 10
484 492 10
484 493 10
484 494 10
484 499 10
484 502 10
484 504 10
484 507 10
484 508 10
484 513 10
484 515 10
484 516 10
484 517 10
484 519 10
484 521 10
484 525 10
484 526 10
484 527 10
484 528 10
484 532 10
484 533 10
484 535 10
484 539 10
484 540 10
484 541 10
484 542 10
484 543 10
484 548 10
484 555 10
485 436 10
485 437 10
485 441 10
485 455 10
485 469 10
485 470 10
485 474 10
485 475 10
485 476 10
485 477 10
485 479 10
485 480 10
485 482 10
485 485 10
485 486 10
485 487 10
485 488 10
485 491 10
485 493 10
485 494 10
485 497 10
485 498 10
485 499 10
485 500 10
485 502 10
485 505 10
485 507 10
485 515 10
485 516 10
485 517 10
485 521 10
485 523 10
485 525 10
485 526 10
485 530 10
485 532 10
485 534 10
485 535 10
485 540 10
485 543 10
485 553 10
486 434 10
486 435 10
486 436 10
486 439 10
486 440 10
486 443 10
486 446 10
486 447 10
486 454 10
486 457 10
486 458 10
486 471 10
486 475 10
486 481 10
486 483 10
486 485 10
486 487 10
486 489 10
486 490 10
486 491 10
486 492 10
486 493 10
486 495 10
486 496 10
486 499 10
486 500 10
486 508 10
486 511 10
486 514 10
486 516 10
486 517 10
486 519 10
486 522 10
486 524 10
486 531 10
486 535 10
486 540 10
486 541 10
486 547 10
487 441 10
487 448 10
487 454 10
487 455 10
487 456 10
487 457 10
487 471 10
487 475 10
487 476 10
487 483 10
487 484 10
487 486 10
487 488 10
487 489 10
487 490 10
487 493 10
487 496 10
487 500 10
487 502 10
487 505 10
487 506 10
487 509 10
487 511 10
487 514 10
487 515 10
487 522 10
487 523 10
487 530 10
487 531 10
487 532 10
487 538 10
487 541 10
487 545 10
488 434 10
488 438 10
488 439 10
488 440 10
488 446 10
488 448 10
488 455 10
488 457 10
488 458 10
488 460 10
488 466 10
488 469 10
488 470 10
488 475 10
488 477 10
488 478 10
488 482 10
488 484 10
488 486 10
488 492 10
488 493 10
488 495 10
488 496 10
488 498 10
488 500 10
488 503 10
488 504 10
488 505 10
488 509 10
488 512 10
488 519 10
488 520 10
488 522 10
488 524 10
488 525 10
488 526 10
488 529 10
488 531 10
488 533 10
488 535 10
488 540 10
488 541 10
488 542 10
488 543 10
488 545 10
489 436 10
489 438 10
489 440 10
489 442 10
489 447 10
489 459 10
489 468 10
489 475 10
489 478 10
489 479 10
489 480 10
489 495 10
489 496 10
489 497 10
489 506 10
489 507 10
489 508 10
489 512 10
489 513 10
489 515 10
489 517 10
489 519 10
489 521 10
489 526 10
489 527 10
489 530 10
489 531 10
489 536 10
489 538 10
489 544 10
490 434 10
490 436 10
490 437 10
490 441 10
490 449 10
490 451 10
490 455 10
490 458 10
490 459 10
490 460 10
490 461 10
490 462 10
490 466 10
490 474 10
490 477 10
490 479 10
490 480 10
490 481 10
490 482 10
490 485 10
490 489 10
490 493 10
490 494 10
490 495 10
490 498 10
490 501 10
490 503 10
490 511 10
490 514 10
490 515 10
490 516 10
490 517 10
490 518 10
490 520 10
490 521 10
490 523 10
490 525 10
490 526 10
490 527 10
490 529 10
490 530 10
490 535 10
490 542 10
490 544 10
491 435 10
491 438 10
491 440 10
491 441 10
491 442 10
491 446 10
491 455 10
491 457 10
491 461 10
491 463 10
491 474 10
491 475 10
491 477 10
491 478 10
491 481 10
491 484 10
491 485 10
491 496 10
491 498 10
491 503 10
491 504 10
491 507 10
491 508 10
491 511 10
491 515 10
491 516 10
491 519 10
491 520 10
491 521 10
491 522 10
491 523 10
491 525 10
491 526 10
491 531 10
491 532 10
491 535 10
491 536 10
491 537 10
491 539 10
491 540 10
491 541 10
492 437 10
492 438 10
492 439 10
492 440 10
492 442 10
492 444 10
492 445 10
492 455 10
492 458 10
492 459 10
492 460 10
492 462 10
492 463 10
492 466 10
492 468 10
492 469 10
492 470 10
492 472 10
492 474 10
492 479 10
492 481 10
492 491 10
492 496 10
492 499 10
492 502 10
492 504 10
492 505 10
492 507 10
492 512 10
492 514 10
492 517 10
492 518 10
492 520 10
492 521 10
492 523 10
492 524 10
492 527 10
492 529 10
492 531 10
492 532 10
492 535 10
492 536 10
492 537 10
492 540 10
492 542 10
493 434 10
493 435 10
493 436 10
493 437 10
493 438 10
493 441 10
493 442 10
493 454 10
493 456 10
493 461 10
493 463 10
493 467 10
493 470 10
493 477 10
493 479 10
493 491 10
493 493 10
493 494 10
493 497 10
493 498 10
493 502 10
493 503 10
493 509 10
493 510 10
493 511 10
493 512 10
493 513 10
493 514 10
493 515 10
493 516 10
493 518 10
493 519 10
493 527 10
493 538 10
493 539 10
493 541 10
494 436 10
494 437 10
494 438 10
494 440 10
494 441 10
494 458 10
494 460 10
494 461 10
494 463 10
494 467 10
494 468 10
494 469 10
494 472 10
494 491 10
494 492 10
494 495 10
494 496 10
494 498 10
494 500 10
494 507 10
494 508 10
494 512 10
494 513 10
494 532 10
494 533 10
494 534 10
494 535 10
494 539 10
494 541 10
495 434 10
495 438 10
495 439 10
495 440 10
495 442 10
495 444 10
495 446 10
495 454 10
495 458 10
495 460 10
495 465 10
495 468 10
495 469 10
495 471 10
495 472 10
495 473 10
495 475 10
495 476 10
495 478 10
495 481 10
495 482 10
495 483 10
495 485 10
495 486 10
495 499 10
495 505 10
495 507 10
495 510 10
495 512 10
495 515 10
495 516 10
495 518 10
495 519 10
495 522 10
495 524 10
495 525 10
495 528 10
495 530 10
495 533 10
495 537 10
495 541 10
495 566 10
495 567 10
496 434 10
496 436 10
496 437 10
496 438 10
496 439 10
496 442 10
496 443 10
496 445 10
496 446 10
496 451 10
496 454 10
496 458 10
496 460 10
496 462 10
496 469 10
496 470 10
496 472 10
496 473 10
496 481 10
496 482 10
496 492 10
496 493 10
496 502 10
496 505 10
496 509 10
496 512 10
496 513 10
496 514 10
496 515 10
496 518 10
496 525 10
496 530 10
496 532 10
496 535 10
496 539 10
496 547 10
496 549 10
496 551 10
496 556 10
496 558 10
496 566 10
497 434 10
497 435 10
497 437 10
497 441 10
497 442 10
497 443 10
497 444 10
497 445 10
497 449 10
497 452 10
497 456 10
497 457 10
497 459 10
497 469 10
497 472 10
497 473 10
497 474 10
497 475 10
497 476 10
497 478 10
497 480 10
497 481 10
497 482 10
497 483 10
497 490 10
497 491 10
497 492 10
497 493 10
497 496 10
497 500 10
497 513 10
497 515 10
497 516 10
497 518 10
497 520 10
497 523 10
497 524 10
497 525 10
497 532 10
497 534 10
497 535 10
497 539 10
497 540 10
497 542 10
497 545 10
497 555 10
497 556 10
497 559 10
497 564 10
498 435 10
498 437 10
498 439 10
498 445 10
498 457 10
498 461 10
498 462 10
498 463 10
498 464 10
498 465 10
498 468 10
498 469 10
498 470 10
498 476 10
498 478 10
498 480 10
498 483 10
498 484 10
498 492 10
498 498 10
498 506 10
498 508 10
498 509 10
498 512 10
498 513 10
498 514 10
498 515 10
498 516 10
498 517 10
498 518 10
498 519 10
498 520 10
498 527 10
498 534 10
498 536 10
498 540 10
498 542 10
498 549 10
498 550 10
498 555 10
498 557 10
498 560 10
499 436 10
499 439 10
499 441 10
499 442 10
499 444 10
499 445 10
499 454 10
499 456 10
499 458 10
499 459 10
499 460 10
499 462 10
499 464 10
499 465 10
499 466 10
499 470 10
499 472 10
499 473 10
499 475 10
499 476 10
499 479 10
499 481 10
499 484 10
499 485 10
499 493 10
499 506 10
499 512 10
499 513 10
499 514 10
499 515 10
499 516 10
499 517 10
499 518 10
499 519 10
499 525 10
499 529 10
499 545 10
499 547 10
499 548 10
499 550 10
499 553 10
499 554 10
500 429 10
500 441 10
500 442 10
500 443 10
500 444 10
500 445 10
500 448 10
500 450 10
500 452 10
500 455 10
500 457 10
500 459 10
500 462 10
500 465 10
500 466 10
500 467 10
500 469 10
500 471 10
500 472 10
500 474 10
500 477 10
500 479 10
500 480 10
500 482 10
500 483 10
500 484 10
500 485 10
500 486 10
500 509 10
500 511 10
500 513 10
500 514 10
500 515 10
500 516 10
500 517 10
500 518 10
500 519 10
500 520 10
500 524 10
500 526 10
500 527 10
500 537 10
500 538 10
500 540 10
500 541 10
500 542 10
500 543 10
500 545 10
500 552 10
500 553 10
500 556 10
500 557 10
500 562 10
501 427 10
501 440 10
501 442 10
501 443 10
501 444 10
501 447 10
501 454 10
501 458 10
501 461 10
501 463 10
501 464 10
501 468 10
501 469 10
501 470 10
501 471 10
501 477 10
501 479 10
501 481 10
501 507 10
501 508 10
501 511 10
501 512 10
501 513 10
501 514 10
501 515 10
501 518 10
501 519 10
501 520 10
501 524 10
501 526 10
501 535 10
501 541 10
501 543 10
501 548 10
501 551 10
501 552 10
501 553 10
501 556 10
501 559 10
501 565 10
501 568 10
502 439 10
502 440 10
502 441 10
502 442 10
502 447 10
502 450 10
502 451 10
502 453 10
502 458 10
502 461 10
502 462 10
502 464 10
502 466 10
502 468 10
502 469 10
502 470 10
502 473 10
502 475 10
502 477 10
502 479 10
502 481 10
502 483 10
502 485 10
502 510 10
502 511 10
502 512 10
502 513 10
502 515 10
502 517 10
502 524 10
502 526 10
502 536 10
502 537 10
502 538 10
502 539 10
502 540 10
502 545 10
502 548 10
502 549 10
502 554 10
502 556 10
502 558 10
502 560 10
502 562 10
502 565 10
502 569 10
503 442 10
503 443 10
503 444 10
503 450 10
503 454 10
503 456 10
503 458 10
503 459 10
503 460 10
503 462 10
503 463 10
503 464 10
503 465 10
503 466 10
503 469 10
503 470 10
503 477 10
503 479 10
503 483 10
503 485 10
503 501 10
503 504 10
503 508 10
503 512 10
503 513 10
503 515 10
503 517 10
503 519 10
503 520 10
503 527 10
503 528 10
503 536 10
503 540 10
503 541 10
503 547 10
503 548 10
503 550 10
503 552 10
503 554 10
503 565 10
503 567 10
503 568 10
503 569 10
503 570 10
504 426 10
504 429 10
504 432 10
504 440 10
504 443 10
504 450 10
504 451 10
504 452 10
504 453 10
504 454 10
504 455 10
504 461 10
504 462 10
504 463 10
504 464 10
504 465 10
504 467 10
504 469 10
504 470 10
504 471 10
504 472 10
504 483 10
504 484 10
504 486 10
504 496 10
504 502 10
504 503 10
504 505 10
504 506 10
504 508 10
504 509 10
504 510 10
504 513 10
504 515 10
504 516 10
504 517 10
504 525 10
504 526 10
504 527 10
504 529 10
504 532 10
504 535 10
504 538 10
504 542 10
504 544 10
504 545 10
504 547 10
504 549 10
504 552 10
504 553 10
504 557 10
504 561 10
505 427 10
505 430 10
505 438 10
505 440 10
505 441 10
505 448 10
505 456 10
505 457 10
505 461 10
505 462 10
505 463 10
505 464 10
505 466 10
505 467 10
505 468 10
505 470 10
505 472 10
505 475 10
505 476 10
505 484 10
505 486 10
505 494 10
505 499 10
505 500 10
505 501 10
505 502 10
505 512 10
505 513 10
505 514 10
505 518 10
505 519 10
505 522 10
505 526 10
505 527 10
505 533 10
505 534 10
505 541 10
505 545 10
505 546 10
505 548 10
505 550 10
506 436 10
506 438 10
506 440 10
506 443 10
506 446 10
506 450 10
506 452 10
506 454 10
506 456 10
506 458 10
506 460 10
506 461 10
506 462 10
506 464 10
506 466 10
506 467 10
506 471 10
506 474 10
506 475 10
506 477 10
506 478 10
506 479 10
506 480 10
506 483 10
506 485 10
506 489 10
506 494 10
506 496 10
506 507 10
506 508 10
506 512 10
506 513 10
506 514 10
506 517 10
506 520 10
506 521 10
506 523 10
506 527 10
506 529 10
506 532 10
506 537 10
506 543 10
506 545 10
506 546 10
506 547 10
506 549 10
506 554 10
506 555 10
506 557 10
506 559 10
506 560 10
506 561 10
507 423 10
507 437 10
507 439 10
507 440 10
507 441 10
507 442 10
507 445 10
507 446 10
507 451 10
507 461 10
507 465 10
507 472 10
507 475 10
507 476 10
507 478 10
507 482 10
507 486 10
507 487 10
507 495 10
507 497 10
507 498 10
507 500 10
507 501 10
507 502 10
507 504 10
507 506 10
507 511 10
507 512 10
507 514 10
507 516 10
507 517 10
507 519 10
507 520 10
507 521 10
507 522 10
507 523 10
507 524 10
507 525 10
507 526 10
507 527 10
507 528 10
507 529 10
507 530 10
507 531 10
507 535 10
507 540 10
507 545 10
507 549 10
507 550 10
507 551 10
507 552 10
507 553 10
507 560 10
507 561 10
507 562 10
507 563 10
508 422 10
508 439 10
508 440 10
508 444 10
508 447 10
508 448 10
508 452 10
508 453 10
508 457 10
508 460 10
508 461 10
508 463 10
508 464 10
508 466 10
508 467 10
508 474 10
508 478 10
508 481 10
508 490 10
508 493 10
508 494 10
508 497 10
508 501 10
508 503 10
508 506 10
508 516 10
508 517 10
508 518 10
508 520 10
508 521 10
508 522 10
508 523 10
508 524 10
508 525 10
508 527 10
508 529 10
508 530 10
508 532 10
508 534 10
508 545 10
508 547 10
508 557 10
508 558 10
508 560 10
508 561 10
508 562 10
508 564 10
508 572 10
509 437 10
509 440 10
509 443 10
509 444 10
509 445 10
509 446 10
509 459 10
509 460 10
509 465 10
509 466 10
509 480 10
509 487 10
509 492 10
509 493 10
509 494 10
509 496 10
509 497 10
509 502 10
509 506 10
509 513 10
509 517 10
509 518 10
509 519 10
509 520 10
509 521 10
509 522 10
509 524 10
509 526 10
509 529 10
509 530 10
509 534 10
509 536 10
509 551 10
509 552 10
509 553 10
509 554 10
509 555 10
509 556 10
509 557 10
509 560 10
509 561 10
509 562 10
509 563 10
509 565 10
509 569 10
510 438 10
510 442 10
510 443 10
510 446 10
510 455 10
510 460 10
510 462 10
510 464 10
510 465 10
510 469 10
510 470 10
510 475 10
510 478 10
510 481 10
510 486 10
510 493 10
510 496 10
510 501 10
510 502 10
510 503 10
510 505 10
510 507 10
510 515 10
510 516 10
510 517 10
510 518 10
510 519 10
510 520 10
510 522 10
510 523 10
510 526 10
510 527 10
510 528 10
510 529 10
510 531 10
510 532 10
510 538 10
510 540 10
510 547 10
510 552 10
510 553 10
510 559 10
510 560 10
510 562 10
510 563 10
510 566 10
510 567 10
510 572 10
511 443 10
511 444 10
511 458 10
511 459 10
511 461 10
511 464 10
511 467 10
511 477 10
511 479 10
511 490 10
511 491 10
511 493 10
511 494 10
511 497 10
511 501 10
511 504 10
511 505 10
511 506 10
511 516 10
511 517 10
511 518 10
511 519 100000
511 520 10
511 522 10
511 524 10
511 525 10
511 527 10
511 533 10
511 534 10
511 536 10
511 543 10
511 546 10
511 550 10
511 551 10
511 553 10
511 555 10
511 556 10
511 557 10
511 558 10
511 559 10
511 561 10
511 562 10
511 564 10
511 570 10
511 572 10
511 574 10
512 436 10
512 437 10
512 438 10
512 443 10
512 446 10
512 459 10
512 461 10
512 462 10
512 463 10
512 464 10
512 465 10
512 470 10
512 473 10
512 479 10
512 480 10
512 481 10
512 483 10
512 490 10
512 491 10
512 494 10
512 495 10
512 503 10
512 504 10
512 514 10
512 517 10
512 518 10
512 519 10
512 520 10
512 521 10
512 522 10
512 525 10
512 527 10
512 529 10
512 530 10
512 532 10
512 533 10
512 547 10
512 552 10
512 553 10
512 554 10
512 555 10
512 556 10
512 559 10
512 560 10
512 561 10
512 567 10
512 569 10
512 571 10
513 435 10
513 436 10
513 437 10
513 440 10
513 446 10
513 468 10
513 469 10
513 470 10
513 471 10
513 472 10
513 473 10
513 475 10
513 476 10
513 478 10
513 479 10
513 482 10
513 492 10
513 493 10
513 495 10
513 503 10
513 506 10
513 513 10
513 515 10
513 516 10
513 518 10
513 519 10
513 520 10
513 523 10
513 525 10
513 526 10
513 530 10
513 531 10
513 532 10
513 534 10
513 543 10
513 552 10
513 556 10
513 558 10
513 559 10
513 561 10
513 562 10
513 563 10
513 564 10
513 565 10
513 566 10
513 567 10
513 569 10
513 573 10
513 574 10
513 575 10
514 437 10
514 438 10
514 441 10
514 443 10
514 446 10
514 460 10
514 462 10
514 464 10
514 467 10
514 469 10
514 471 10
514 472 10
514 473 10
514 474 10
514 475 10
514 477 10
514 478 10
514 480 10
514 491 10
514 492 10
514 493 10
514 494 10
514 496 10
514 498 10
514 510 10
514 513 10
514 514 10
514 515 10
514 517 10
514 520 10
514 522 10
514 525 10
514 532 10
514 536 10
514 537 10
514 539 10
514 541 10
514 544 10
514 551 10
514 553 10
514 555 10
514 556 10
514 557 10
514 561 10
514 562 10
514 563 10
514 566 10
514 568 10
514 571 10
514 573 10
515 435 10
515 447 10
515 460 10
515 462 10
515 463 10
515 468 10
515 469 10
515 470 10
515 471 10
515 473 10
515 474 10
515 476 10
515 478 10
515 482 10
515 492 10
515 494 10
515 498 10
515 502 10
515 509 10
515 510 10
515 512 10
515 515 10
515 517 10
515 518 10
515 519 10
515 521 10
515 523 10
515 527 10
515 534 10
515 541 10
515 553 10
515 554 10
515 556 10
515 558 10
515 561 10
515 562 10
515 563 10
515 564 10
515 565 10
515 567 10
515 574 10
516 457 10
516 460 10
516 464 10
516 465 10
516 466 10
516 467 10
516 469 10
516 471 10
516 472 10
516 473 10
516 475 10
516 477 10
516 478 10
516 497 10
516 506 10
516 518 10
516 519 10
516 520 10
516 521 10
516 533 10
516 535 10
516 537 10
516 540 10
516 543 10
516 552 10
516 553 10
516 554 10
516 555 10
516 556 10
516 559 10
516 561 10
516 562 10
516 565 10
516 567 10
516 569 10
516 572 10
517 444 10
517 446 10
517 452 10
517 461 10
517 464 10
517 467 10
517 468 10
517 471 10
517 496 10
517 499 10
517 500 10
517 502 10
517 504 10
517 508 10
517 509 10
517 513 10
517 516 10
517 517 10
517 522 10
517 523 10
517 525 10
517 527 10
517 530 10
517 531 10
517 539 10
517 542 10
517 543 10
517 544 10
517 548 10
517 552 10
517 553 10
517 554 10
517 555 10
517 556 10
517 560 10
517 562 10
517 563 10
517 565 10
517 567 10
517 568 10
517 569 10
517 572 10
517 574 10
517 577 10
518 444 10
518 445 10
518 447 10
518 450 10
518 456 10
518 457 10
518 459 10
518 461 10
518 462 10
518 466 10
518 469 10
518 470 10
518 472 10
518 473 10
518 475 10
518 476 10
518 477 10
518 494 10
518 495 10
518 496 10
518 497 10
518 498 10
518 499 10
518 502 10
518 504 10
518 515 10
518 516 10
518 518 10
518 521 10
518 523 10
518 524 10
518 527 10
518 528 10
518 529 10
518 537 10
518 540 10
518 541 10
518 543 10
518 556 10
518 559 10
518 561 10
518 562 10
518 563 10
518 565 10
518 567 10
518 568 10
518 569 10
518 572 10
518 576 10
519 443 10
519 462 10
519 463 10
519 468 10
519 469 10
519 472 10
519 476 10
519 479 10
519 496 10
519 497 10
519 498 10
519 501 10
519 503 10
519 504 10
519 511 10
519 513 10
519 515 10
519 517 10
519 518 10
519 519 10
519 520 10
519 525 10
519 531 10
519 539 10
519 542 10
519 545 10
519 551 10
519 553 10
519 558 10
519 561 10
519 562 10
519 563 10
519 564 10
519 565 10
519 566 10
519 567 10
519 568 10
519 572 10
519 574 10
520 447 10
520 458 10
520 460 10
520 461 10
520 467 10
520 468 10
520 473 10
520 474 10
520 475 10
520 477 10
520 479 10
520 495 10
520 498 10
520 505 10
520 509 10
520 515 10
520 517 10
520 518 10
520 520 10
520 521 10
520 525 10
520 526 10
520 528 10
520 529 10
520 530 10
520 533 10
520 543 10
520 552 10
520 557 10
520 559 10
520 560 10
520 561 10
520 562 10
520 563 10
520 564 10
520 565 10
520 566 10
520 567 10
520 568 10
520 569 10
520 570 10
521 431 10
521 444 10
521 447 10
521 461 10
521 462 10
521 464 10
521 465 10
521 466 10
521 467 10
521 469 10
521 472 10
521 474 10
521 479 10
521 481 10
521 482 10
521 486 10
521 495 10
521 496 10
521 498 10
521 514 10
521 518 10
521 520 10
521 522 10
521 524 10
521 527 10
521 530 10
521 531 10
521 533 10
521 535 10
521 540 10
521 541 10
521 542 10
521 544 10
521 557 10
521 559 10
521 561 10
521 562 10
521 563 10
521 564 10
521 565 10
521 566 10
521 567 10
521 568 10
521 569 10
522 432 10
522 442 10
522 444 10
522 454 10
522 456 10
522 457 10
522 460 10
522 462 10
522 470 10
522 473 10
522 475 10
522 476 10
522 477 10
522 478 10
522 479 10
522 481 10
522 483 10
522 486 10
522 496 10
522 516 10
522 519 10
522 530 10
522 531 10
522 534 10
522 547 10
522 558 10
522 559 10
522 560 10
522 562 10
522 563 10
522 567 10
523 420 10
523 422 10
523 424 10
523 431 10
523 432 10
523 438 10
523 453 10
523 461 10
523 471 10
523 475 10
523 477 10
523 478 10
523 479 10
523 481 10
523 484 10
523 485 10
523 487 10
523 494 10
523 514 10
523 515 10
523 517 10
523 518 10
523 519 10
523 521 10
523 523 10
523 526 10
523 529 10
523 542 10
523 548 10
523 552 10
523 554 10
523 555 10
523 557 10
523 558 10
523 561 10
523 562 10
523 565 10
523 570 10
523 573 10
523 574 10
524 421 10
524 435 10
524 436 10
524 438 10
524 439 10
524 447 10
524 448 10
524 454 10
524 457 10
524 458 10
524 476 10
524 478 10
524 479 10
524 494 10
524 511 10
524 513 10
524 515 10
524 516 10
524 517 10
524 519 10
524 520 10
524 522 10
524 524 10
524 530 10
524 534 10
524 539 10
524 543 10
524 546 10
524 547 10
524 559 10
524 560 10
524 564 10
524 573 10
524 575 10
525 434 10
525 435 10
525 436 10
525 438 10
525 439 10
525 440 10
525 458 10
525 476 10
525 477 10
525 486 10
525 492 10
525 514 10
525 515 10
525 517 10
525 519 10
525 521 10
525 522 10
525 523 10
525 527 10
525 530 10
525 531 10
525 534 10
525 538 10
525 542 10
525 546 10
525 548 10
525 549 10
525 563 10
526 431 10
526 432 10
526 433 10
526 434 10
526 435 10
526 438 10
526 439 10
526 440 10
526 442 10
526 458 10
526 470 10
526 478 10
526 480 10
526 485 10
526 492 10
526 512 10
526 513 10
526 515 10
526 518 10
526 519 10
526 529 10
526 530 10
526 534 10
526 536 10
526 538 10
526 539 10
526 541 10
526 553 10
526 556 10
526 559 10
526 560 10
526 561 10
526 564 10
526 573 10
526 574 10
526 576 10
526 578 10
527 425 10
527 435 10
527 436 10
527 438 10
527 475 10
527 480 10
527 481 10
527 492 10
527 515 10
527 517 10
527 518 10
527 520 10
527 522 10
527 523 10
527 525 10
527 526 10
527 528 10
527 529 10
527 535 10
527 536 10
527 538 10
527 541 10
527 542 10
527 543 10
527 556 10
527 564 10
528 423 10
528 435 10
528 438 10
528 440 10
528 478 10
528 494 10
528 517 10
528 522 10
528 524 10
528 531 10
528 532 10
528 534 10
528 551 10
528 552 10
528 554 10
528 556 10
528 560 10
528 562 10
528 564 10
528 565 10
528 577 10
529 436 10
529 437 10
529 440 10
529 473 10
529 496 10
529 514 10
529 520 10
529 521 10
529 525 10
529 527 10
529 531 10
529 532 10
529 534 10
529 536 10
529 537 10
529 553 10
529 564 10
530 434 10
530 435 10
530 437 10
530 439 10
530 441 10
530 486 10
530 487 10
530 489 10
530 493 10
530 495 10
530 496 10
530 520 10
530 523 10
530 524 10
530 525 10
530 526 10
530 527 10
530 530 10
530 534 10
530 535 10
530 540 10
530 545 10
530 547 10
530 553 10
530 562 10
531 434 10
531 437 10
531 439 10
531 440 10
531 484 10
531 486 10
531 488 10
531 493 10
531 494 10
531 496 10
531 497 10
531 506 10
531 507 10
531 513 10
531 515 10
531 517 10
531 518 10
531 526 10
531 531 10
531 532 10
531 533 10
531 534 10
531 536 10
531 538 10
531 545 10
531 546 10
531 547 10
531 552 10
531 554 10
532 434 10
532 438 10
532 441 10
532 487 10
532 488 10
532 492 10
532 493 10
532 496 10
532 502 10
532 515 10
532 519 10
532 522 10
532 523 10
532 524 10
532 525 10
532 533 10
532 535 10
532 536 10
532 537 10
532 538 10
532 551 10
532 554 10
532 563 10
533 438 10
533 487 10
533 488 10
533 489 10
533 490 10
533 491 10
533 492 10
533 494 10
533 496 10
533 498 10
533 499 10
533 500 10
533 501 10
533 502 10
533 504 10
533 506 10
533 509 10
533 515 10
533 521 10
533 528 10
533 530 10
533 531 10
533 532 10
533 533 10
533 535 10
533 536 10
533 550 10
533 552 10
533 553 10
533 554 10
533 559 10
534 436 10
534 439 10
534 440 10
534 442 10
534 461 10
534 477 10
534 478 10
534 481 10
534 490 10
534 491 10
534 492 10
534 493 10
534 494 10
534 495 10
534 496 10
534 499 10
534 511 10
534 514 10
534 515 10
534 518 10
534 521 10
534 523 10
534 524 10
534 526 10
534 532 10
534 533 10
534 536 10
534 538 10
534 552 10
534 555 10
534 564 10
534 565 10
535 442 10
535 445 10
535 462 10
535 463 10
535 476 10
535 477 10
535 479 10
535 480 10
535 481 10
535 482 10
535 483 10
535 485 10
535 486 10
535 488 10
535 490 10
535 491 10
535 492 10
535 493 10
535 494 10
535 495 10
535 496 10
535 500 10
535 502 10
535 505 10
535 508 10
535 511 10
535 514 10
535 515 10
535 517 10
535 518 10
535 519 10
535 521 10
535 522 10
535 529 10
535 530 10
535 531 10
535 532 10
535 534 10
535 535 10
535 538 10
535 549 10
535 550 10
535 553 10
535 561 10
536 435 10
536 437 10
536 476 10
536 483 10
536 485 10
536 487 10
536 492 10
536 493 10
536 494 10
536 495 10
536 496 10
536 502 10
536 503 10
536 504 10
536 510 10
536 513 10
536 514 10
536 518 10
536 521 10
536 524 10
536 525 10
536 549 10
536 551 10
536 552 10
536 559 10
536 560 10
536 561 10
536 562 10
537 440 10
537 442 10
537 456 10
537 458 10
537 461 10
537 462 10
537 478 10
537 481 10
537 482 10
537 484 10
537 486 10
537 487 10
537 488 10
537 492 10
537 494 10
537 495 10
537 496 10
537 497 10
537 498 10
537 504 10
537 505 10
537 507 10
537 509 10
537 510 10
537 511 10
537 513 10
537 514 10
537 516 10
537 521 10
537 522 10
537 523 10
537 524 10
537 525 10
537 526 10
537 527 10
537 535 10
537 539 10
537 541 10
537 547 10
537 548 10
537 551 10
537 558 10
537 560 10
538 440 10
538 460 10
538 461 10
538 463 10
538 464 10
538 478 10
538 481 10
538 485 10
538 492 10
538 494 10
538 501 10
538 502 10
538 504 10
538 505 10
538 509 10
538 512 10
538 516 10
538 517 10
538 518 10
538 519 10
538 523 10
538 524 10
538 527 10
538 529 10
538 531 10
538 532 10
538 533 10
538 535 10
538 547 10
538 552 10
538 554 10
538 556 10
538 559 10
538 560 10
538 562 10
539 442 10
539 443 10
539 444 10
539 456 10
539 457 10
539 458 10
539 461 10
539 463 10
539 468 10
539 477 10
539 481 10
539 484 10
539 485 10
539 486 10
539 495 10
539 497 10
539 499 10
539 501 10
539 504 10
539 505 10
539 507 10
539 508 10
539 509 10
539 511 10
539 513 10
539 515 10
539 517 10
539 519 10
539 523 10
539 525 10
539 526 10
539 528 10
539 531 10
539 532 10
539 533 10
539 534 10
539 545 10
539 552 10
539 554 10
539 561 10
539 562 10
539 563 10
540 442 10
540 456 10
540 457 10
540 458 10
540 462 10
540 479 10
540 480 10
540 481 10
540 491 10
540 495 10
540 496 10
540 501 10
540 504 10
540 507 10
540 508 10
540 509 10
540 510 10
540 513 10
540 516 10
540 517 10
540 519 10
540 522 10
540 523 10
540 524 10
540 527 10
540 534 10
540 546 10
540 547 10
540 552 10
540 556 10
540 558 10
540 560 10
540 561 10
540 563 10
541 458 10
541 478 10
541 479 10
541 481 10
541 484 10
541 486 10
541 491 10
541 493 10
541 499 10
541 500 10
541 501 10
541 502 10
541 504 10
541 509 10
541 510 10
541 511 10
541 512 10
541 513 10
541 514 10
541 520 10
541 522 10
541 524 10
541 525 10
541 532 10
541 546 10
541 549 10
541 550 10
541 555 10
541 559 10
541 560 10
541 562 10
541 563 10
541 564 10
541 566 10
542 440 10
542 458 10
542 459 10
542 476 10
542 481 10
542 482 10
542 483 10
542 486 10
542 493 10
542 494 10
542 497 10
542 498 10
542 500 10
542 503 10
542 504 10
542 506 10
542 507 10
542 511 10
542 512 10
542 517 10
542 524 10
542 530 10
542 534 10
542 535 10
542 537 10
542 547 10
542 550 10
542 555 10
542 558 10
542 559 10
542 565 10
542 566 10
543 479 10
543 481 10
543 495 10
543 500 10
543 506 10
543 509 10
543 510 10
543 513 10
543 514 10
543 523 10
543 526 10
543 546 10
543 550 10
543 560 10
543 561 10
543 562 10
543 563 10
543 564 10
544 458 10
544 468 10
544 474 10
544 478 10
544 479 10
544 480 10
544 481 10
544 482 10
544 484 10
544 485 10
544 492 10
544 493 10
544 499 10
544 500 10
544 520 10
544 523 10
544 529 10
544 534 10
544 558 10
544 560 10
544 563 10
545 474 10
545 476 10
545 478 10
545 479 10
545 482 10
545 484 10
545 485 10
545 487 10
545 491 10
545 492 10
545 494 10
545 495 10
545 497 10
545 502 10
545 504 10
545 507 10
545 516 10
545 520 10
545 524 10
545 526 10
545 528 10
545 529 10
545 544 10
545 547 10
545 557 10
545 558 10
545 559 10
545 560 10
545 561 10
545 563 10
545 566 10
546 460 10
546 475 10
546 476 10
546 477 10
546 478 10
546 480 10
546 482 10
546 483 10
546 484 10
546 486 10
546 489 10
546 491 10
546 493 10
546 495 10
546 496 10
546 498 10
546 505 10
546 506 10
546 526 10
546 527 10
546 544 10
546 545 10
546 550 10
546 552 10
546 557 10
546 558 10
546 559 10
546 561 10
546 562 10
546 566 10
547 476 10
547 481 10
547 483 10
547 484 10
547 491 10
547 494 10
547 496 10
547 497 10
547 516 10
547 518 10
547 523 10
547 528 10
547 529 10
547 539 10
547 544 10
547 557 10
547 561 10
548 471 10
548 473 10
548 476 10
548 478 10
548 479 10
548 487 10
548 489 10
548 491 10
548 493 10
548 502 10
548 503 10
548 504 10
548 518 10
548 525 10
548 527 10
548 531 10
548 533 10
548 545 10
548 563 10
549 471 10
549 475 10
549 488 10
549 489 10
549 490 10
549 491 10
549 492 10
549 493 10
549 496 10
549 503 10
549 518 10
549 519 10
549 529 10
549 530 10
549 531 10
549 534 10
550 477 10
550 486 10
550 487 10
550 488 10
550 493 10
550 494 10
550 496 10
550 499 10
550 502 10
550 504 10
550 517 10
550 523 10
550 526 10
550 527 10
550 529 10
550 531 10
550 533 10
551 473 10
551 478 10
551 480 10
551 486 10
551 488 10
551 489 10
551 491 10
551 493 10
551 495 10
551 496 10
551 497 10
551 503 10
551 504 10
551 505 10
551 518 10
551 520 10
551 524 10
551 526 10
551 528 10
551 530 10
551 531 10
551 532 10
551 535 10
551 539 10
551 545 10
551 548 10
551 549 10
552 479 10
552 486 10
552 487 10
552 488 10
552 491 10
552 492 10
552 493 10
552 495 10
552 496 10
552 497 10
552 503 10
552 504 10
552 505 10
552 506 10
552 509 10
552 511 10
552 512 10
552 516 10
552 520 10
552 524 10
552 526 10
552 528 10
552 531 10
552 535 10
552 540 10
552 542 10
552 545 10
552 550 10
553 483 10
553 492 10
553 493 10
553 494 10
553 495 10
553 496 10
553 501 10
553 502 10
553 503 10
553 504 10
553 505 10
553 506 10
553 512 10
553 517 10
553 520 10
553 521 10
553 525 10
553 529 10
553 535 10
553 539 10
554 475 10
554 480 10
554 487 10
554 489 10
554 494 10
554 497 10
554 500 10
554 501 10
554 502 10
554 503 10
554 504 10
554 506 10
554 508 10
554 517 10
554 519 10
554 520 10
554 521 10
554 523 10
554 526 10
554 529 10
554 530 10
554 534 10
554 537 10
554 538 10
554 541 10
554 542 10
555 477 10
555 478 10
555 482 10
555 485 10
555 487 10
555 488 10
555 491 10
555 504 10
555 506 10
555 511 10
555 513 10
555 519 10
555 520 10
555 521 10
555 524 10
555 528 10
555 535 10
555 539 10
555 540 10
555 544 10
555 545 10
555 549 10
555 552 10
556 479 10
556 486 10
556 487 10
556 489 10
556 490 10
556 491 10
556 492 10
556 498 10
556 500 10
556 502 10
556 503 10
556 504 10
556 511 10
556 513 10
556 516 10
556 518 10
556 519 10
556 521 10
556 523 10
556 524 10
556 525 10
556 537 10
556 538 10
556 541 10
556 542 10
556 543 10
557 473 10
557 477 10
557 480 10
557 481 10
557 482 10
557 490 10
557 491 10
557 501 10
557 505 10
557 514 10
557 516 10
557 521 10
557 522 10
557 523 10
557 524 10
557 525 10
557 527 10
557 528 10
557 530 10
557 532 10
557 540 10
557 542 10
557 543 10
557 545 10
557 546 10
557 547 10
557 549 10
558 466 10
558 483 10
558 484 10
558 487 10
558 488 10
558 489 10
558 491 10
558 492 10
558 493 10
558 499 10
558 501 10
558 502 10
558 506 10
558 512 10
558 516 10
558 519 10
558 520 10
558 521 10
558 524 10
558 525 10
558 526 10
558 527 10
558 528 10
558 529 10
558 532 10
558 534 10
558 537 10
558 540 10
558 542 10
558 543 10
558 544 10
558 546 10
558 550 10
559 467 10
559 470 10
559 478 10
559 480 10
559 484 10
559 489 10
559 490 10
559 492 10
559 498 10
559 501 10
559 503 10
559 507 10
559 510 10
559 511 10
559 518 10
559 520 10
559 522 10
559 523 10
559 525 10
559 526 10
559 528 10
559 530 10
559 531 10
559 532 10
559 535 10
559 536 10
559 537 10
559 538 10
559 540 10
559 544 10
560 475 10
560 477 10
560 487 10
560 490 10
560 492 10
560 495 10
560 496 10
560 497 10
560 499 10
560 509 10
560 513 10
560 526 10
560 527 10
560 528 10
560 532 10
560 534 10
560 536 10
560 539 10
560 541 10
560 542 10
560 543 10
560 544 10
561 479 10
561 480 10
561 490 10
561 496 10
561 500 10
561 503 10
561 515 10
561 524 10
561 532 10
561 535 10
561 536 10
561 537 10
561 538 10
561 540 10
561 542 10
562 473 10
562 474 10
562 477 10
562 478 10
562 479 10
562 480 10
562 518 10
562 520 10
562 521 10
562 522 10
562 524 10
562 525 10
562 526 10
562 528 10
562 529 10
562 533 10
562 536 10
562 538 10
562 540 10
562 543 10
563 472 10
563 476 10
563 477 10
563 479 10
563 480 10
563 482 10
563 486 10
563 496 10
563 498 10
563 512 10
563 513 10
563 518 10
563 519 10
563 520 10
563 521 10
563 523 10
563 531 10
563 533 10
563 534 10
563 539 10
564 475 10
564 476 10
564 477 10
564 482 10
564 487 10
564 490 10
564 510 10
564 514 10
564 518 10
564 519 10
564 521 10
564 522 10
564 523 10
564 526 10
564 531 10
564 534 10
564 535 10
564 538 10
564 539 10
564 541 10
565 475 10
565 478 10
565 479 10
565 483 10
565 484 10
565 485 10
565 487 10
565 511 10
565 514 10
565 518 10
565 519 10
565 520 10
565 521 10
565 522 10
565 523 10
565 524 10
565 525 10
565 526 10
565 528 10
565 531 10
565 535 10
565 540 10
566 473 10
566 475 10
566 479 10
566 480 10
566 481 10
566 482 10
566 485 10
566 489 10
566 509 10
566 512 10
566 523 10
566 533 10
567 476 10
567 479 10
567 480 10
567 482 10
567 486 10
567 488 10
567 522 10
567 523 10
568 476 10
568 482 10
568 484 10
568 485 10
568 488 10
568 490 10
568 533 10
569 476 10
569 488 10
569 509 10
570 489 10
570 508 10
571 488 10
571 509 10
572 487 10
572 488 10
572 489 10
573 488 10
573 490 10
574 478 10
575 477 10
575 478 10
575 479 10
575 490 10
576 479 10
