1024
366 512 10
369 513 10
370 515 10
370 518 10
371 513 10
371 515 10
371 516 10
371 517 10
372 516 10
372 517 10
372 518 10
373 488 10
373 513 10
373 518 10
373 520 10
374 515 10
374 516 10
374 518 10
375 488 10
375 491 10
375 511 10
375 513 10
375 517 10
375 518 10
375 519 10
375 520 10
376 483 10
376 484 10
376 517 10
376 523 10
376 524 10
376 525 10
376 527 10
377 510 10
377 521 10
377 529 10
378 483 10
378 484 10
378 485 10
378 486 10
378 487 10
378 488 10
378 489 10
378 490 10
378 498 10
378 509 10
378 510 10
378 511 10
379 486 10
379 487 10
379 496 10
379 498 10
379 503 10
379 506 10
379 526 10
380 472 10
380 476 10
380 483 10
380 484 10
380 486 10
380 487 10
380 488 10
380 503 10
380 506 10
380 507 10
380 511 10
380 524 10
380 525 10
380 526 10
381 476 10
381 481 10
381 482 10
381 483 10
381 484 10
381 485 10
381 488 10
381 497 10
381 498 10
381 499 10
381 500 10
381 501 10
381 504 10
381 505 10
381 506 10
381 512 10
381 515 10
381 526 10
381 529 10
382 472 10
382 480 10
382 481 10
382 485 10
382 487 10
382 496 10
382 503 10
382 505 10
382 506 10
382 507 10
382 512 10
382 513 10
382 517 10
382 522 10
382 524 10
382 526 10
383 480 10
383 484 10
383 485 10
383 487 10
383 488 10
383 489 10
383 497 10
383 504 10
383 507 10
383 508 10
383 512 10
383 516 10
383 522 10
383 524 10
383 525 10
384 475 10
384 479 10
384 483 10
384 485 10
384 486 10
384 487 10
384 495 10
384 497 10
384 499 10
384 504 10
384 505 10
384 506 10
384 508 10
384 509 10
384 510 10
384 512 10
384 513 10
384 514 10
384 523 10
384 528 10
384 530 10
385 479 10
385 481 10
385 486 10
385 493 10
385 494 10
385 495 10
385 497 10
385 508 10
385 509 10
385 511 10
385 513 10
385 524 10
385 527 10
386 467 10
386 474 10
386 476 10
386 478 10
386 480 10
386 481 10
386 482 10
386 484 10
386 487 10
386 493 10
386 495 10
386 499 10
386 506 10
386 509 10
386 510 10
386 511 10
386 514 10
387 462 10
387 465 10
387 466 10
387 467 10
387 471 10
387 472 10
387 473 10
387 475 10
387 479 10
387 480 10
387 481 10
387 486 10
387 489 10
387 492 10
387 493 10
387 494 10
387 495 10
387 499 10
387 505 10
387 506 10
387 507 10
387 509 10
387 510 10
387 511 10
387 512 10
387 513 10
387 515 10
388 471 10
388 472 10
388 475 10
388 478 10
388 488 10
388 496 10
388 499 10
388 500 10
388 501 10
388 503 10
388 506 10
388 507 10
388 511 10
389 463 10
389 472 10
389 475 10
389 476 10
389 479 10
389 482 10
389 484 10
389 488 10
389 489 10
389 493 10
389 495 10
389 498 10
389 499 10
389 500 10
389 509 10
389 511 10
389 512 10
390 454 10
390 455 10
390 456 10
390 461 10
390 463 10
390 466 10
390 467 10
390 472 10
390 473 10
390 474 10
390 476 10
390 477 10
390 479 10
390 486 10
390 487 10
390 490 10
390 493 10
390 494 10
390 497 10
390 505 10
390 506 10
390 507 10
390 508 10
390 510 10
390 512 10
390 513 10
390 514 10
390 519 10
390 521 10
391 457 10
391 458 10
391 460 10
391 462 10
391 464 10
391 470 10
391 472 10
391 473 10
391 474 10
391 477 10
391 480 10
391 481 10
391 488 10
391 490 10
391 491 10
391 500 10
391 509 10
391 511 10
391 513 10
391 515 10
391 516 10
391 518 10
391 519 10
392 455 10
392 456 10
392 457 10
392 462 10
392 463 10
392 470 10
392 474 10
392 490 10
392 491 10
392 492 10
392 493 10
392 495 10
392 497 10
392 498 10
392 500 10
392 511 10
392 513 10
392 519 10
392 520 10
392 521 10
392 523 10
393 452 10
393 453 10
393 454 10
393 458 10
393 461 10
393 462 10
393 463 10
393 464 10
393 469 10
393 485 10
393 488 10
393 490 10
393 494 10
393 495 10
393 496 10
393 498 10
393 499 10
393 508 10
393 510 10
393 511 10
393 513 10
393 517 10
393 518 10
393 520 10
394 453 10
394 455 10
394 456 10
394 461 10
394 462 10
394 463 10
394 473 10
394 480 10
394 481 10
394 482 10
394 489 10
394 490 10
394 491 10
394 499 10
394 501 10
394 505 10
394 509 10
394 510 10
394 512 10
394 514 10
394 515 10
394 516 10
394 519 10
394 520 10
394 522 10
395 454 10
395 457 10
395 459 10
395 461 10
395 463 10
395 472 10
395 480 10
395 482 10
395 486 10
395 488 10
395 492 10
395 494 10
395 498 10
395 507 10
395 508 10
395 509 10
395 510 10
395 517 10
395 518 10
395 520 10
395 522 10
396 454 10
396 455 10
396 456 10
396 458 10
396 461 10
396 462 10
396 463 10
396 474 10
396 478 10
396 481 10
396 484 10
396 490 10
396 491 10
396 497 10
396 500 10
396 501 10
396 505 10
396 509 10
396 510 10
396 520 10
397 457 10
397 458 10
397 460 10
397 466 10
397 467 10
397 476 10
397 479 10
397 480 10
397 481 10
397 483 10
397 484 10
397 485 10
397 486 10
397 488 10
397 489 10
397 490 10
397 494 10
397 498 10
397 500 10
397 504 10
397 508 10
397 517 10
397 520 10
397 521 10
397 522 10
397 530 10
398 460 10
398 461 10
398 462 10
398 463 10
398 466 10
398 468 10
398 469 10
398 470 10
398 471 10
398 473 10
398 474 10
398 477 10
398 480 10
398 482 10
398 483 10
398 484 10
398 500 10
398 501 10
398 503 10
398 505 10
398 510 10
398 516 10
398 517 10
398 518 10
398 519 10
398 520 10
398 521 10
398 523 10
398 528 10
398 530 10
399 459 10
399 462 10
399 463 10
399 469 10
399 471 10
399 472 10
399 473 10
399 474 10
399 475 10
399 476 10
399 477 10
399 478 10
399 479 10
399 485 10
399 487 10
399 490 10
399 491 10
399 498 10
399 499 10
399 500 10
399 519 10
399 528 10
399 529 10
399 531 10
400 462 10
400 465 10
400 466 10
400 467 10
400 469 10
400 478 10
400 482 10
400 484 10
400 485 10
400 488 10
400 492 10
400 496 10
400 497 10
400 498 10
400 499 10
400 500 10
400 501 10
400 502 10
400 503 10
400 515 10
400 516 10
400 519 10
401 457 10
401 459 10
401 460 10
401 461 10
401 462 10
401 464 10
401 465 10
401 469 10
401 472 10
401 473 10
401 474 10
401 475 10
401 476 10
401 478 10
401 482 10
401 484 10
401 486 10
401 492 10
401 497 10
401 498 10
401 510 10
401 512 10
401 514 10
401 516 10
401 518 10
401 519 10
401 521 10
401 526 10
402 458 10
402 459 10
402 462 10
402 464 10
402 466 10
402 472 10
402 473 10
402 474 10
402 476 10
402 480 10
402 481 10
402 485 10
402 487 10
402 489 10
402 491 10
402 495 10
402 496 10
402 497 10
402 498 10
402 499 10
402 500 10
402 501 10
402 505 10
402 506 10
402 510 10
402 513 10
402 514 10
402 518 10
403 460 10
403 461 10
403 462 10
403 464 10
403 468 10
403 470 10
403 471 10
403 472 10
403 478 10
403 480 10
403 483 10
403 485 10
403 489 10
403 493 10
403 494 10
403 495 10
403 497 10
403 498 10
403 499 10
403 501 10
403 503 10
403 505 10
403 507 10
403 509 10
403 512 10
403 521 10
403 523 10
404 458 10
404 460 10
404 465 10
404 466 10
404 471 10
404 474 10
404 479 10
404 481 10
404 483 10
404 484 10
404 487 10
404 489 10
404 492 10
404 494 10
404 495 10
404 497 10
404 501 10
404 505 10
404 507 10
404 511 10
404 517 10
404 518 10
405 462 10
405 463 10
405 468 10
405 469 10
405 470 10
405 471 10
405 494 10
405 495 10
405 497 10
405 498 10
405 499 10
405 500 10
405 503 10
405 508 10
405 510 10
405 516 10
405 520 10
406 452 10
406 459 10
406 462 10
406 464 10
406 469 10
406 472 10
406 473 10
406 479 10
406 482 10
406 483 10
406 486 10
406 487 10
406 488 10
406 495 10
406 496 10
406 497 10
406 498 10
406 500 10
406 501 10
406 502 10
406 507 10
406 512 10
406 513 10
406 516 10
406 518 10
406 522 10
406 524 10
407 457 10
407 468 10
407 472 10
407 479 10
407 480 10
407 481 10
407 493 10
407 496 10
407 498 10
407 499 10
407 501 10
407 506 10
407 507 10
407 511 10
407 515 10
407 516 10
407 517 10
407 519 10
407 526 10
407 527 10
408 454 10
408 458 10
408 467 10
408 469 10
408 470 10
408 477 10
408 480 10
408 482 10
408 492 10
408 494 10
408 495 10
408 497 10
408 498 10
408 499 10
408 501 10
408 503 10
408 504 10
408 506 10
408 508 10
408 509 10
408 513 10
408 515 10
408 516 10
408 518 10
408 519 10
408 521 10
408 523 10
409 456 10
409 469 10
409 474 10
409 477 10
409 480 10
409 483 10
409 486 10
409 487 10
409 492 10
409 494 10
409 496 10
409 498 10
409 499 10
409 501 10
409 502 10
409 503 10
409 504 10
409 506 10
409 507 10
409 511 10
409 513 10
409 517 10
409 519 10
409 528 10
410 450 10
410 473 10
410 479 10
410 480 10
410 482 10
410 483 10
410 486 10
410 494 10
410 496 10
410 497 10
410 498 10
410 500 10
410 501 10
410 502 10
410 504 10
410 505 10
410 506 10
410 513 10
410 520 10
410 521 10
411 471 10
411 474 10
411 483 10
411 485 10
411 486 10
411 493 10
411 499 10
411 500 10
411 502 10
411 503 10
411 504 10
411 506 10
411 507 10
411 509 10
411 510 10
411 511 10
411 514 10
411 518 10
412 457 10
412 459 10
412 472 10
412 476 10
412 479 10
412 481 10
412 483 10
412 484 10
412 485 10
412 488 10
412 494 10
412 496 10
412 498 10
412 500 10
412 503 10
412 505 10
412 506 10
412 508 10
412 512 10
412 518 10
412 522 10
412 523 10
413 463 10
413 464 10
413 466 10
413 468 10
413 476 10
413 482 10
413 483 10
413 486 10
413 487 10
413 492 10
413 495 10
413 497 10
413 499 10
413 501 10
413 502 10
413 503 10
413 506 10
413 507 10
413 509 10
413 510 10
413 511 10
413 513 10
413 515 10
413 517 10
413 519 10
413 523 10
414 462 10
414 464 10
414 466 10
414 467 10
414 468 10
414 474 10
414 477 10
414 480 10
414 492 10
414 494 10
414 496 10
414 498 10
414 499 10
414 500 10
414 502 10
414 504 10
414 505 10
414 506 10
414 507 10
414 509 10
414 510 10
414 521 10
414 523 10
415 465 10
415 480 10
415 483 10
415 489 10
415 494 10
415 499 10
415 500 10
415 501 10
415 503 10
415 504 10
415 505 10
415 507 10
415 513 10
415 515 10
416 460 10
416 461 10
416 462 10
416 464 10
416 465 10
416 466 10
416 467 10
416 468 10
416 474 10
416 477 10
416 481 10
416 482 10
416 486 10
416 487 10
416 492 10
416 493 10
416 495 10
416 496 10
416 498 10
416 500 10
416 501 10
416 503 10
416 504 10
416 507 10
416 511 10
416 513 10
416 521 10
416 525 10
417 459 10
417 460 10
417 464 10
417 465 10
417 484 10
417 485 10
417 487 10
417 489 10
417 490 10
417 491 10
417 493 10
417 495 10
417 496 10
417 497 10
417 499 10
417 500 10
417 501 10
417 502 10
417 503 10
417 504 10
417 505 10
417 506 10
417 512 10
417 513 10
418 461 10
418 464 10
418 466 10
418 476 10
418 477 10
418 489 10
418 490 10
418 491 10
418 492 10
418 493 10
418 494 10
418 496 10
418 501 10
418 511 10
418 514 10
418 516 10
418 520 10
419 459 10
419 465 10
419 467 10
419 469 10
419 476 10
419 482 10
419 486 10
419 487 10
419 488 10
419 498 10
419 501 10
419 503 10
419 505 10
419 510 10
419 511 10
419 512 10
419 513 10
419 516 10
419 519 10
420 463 10
420 464 10
420 465 10
420 468 10
420 478 10
420 479 10
420 481 10
420 482 10
420 485 10
420 488 10
420 490 10
420 493 10
420 494 10
420 495 10
420 497 10
420 500 10
420 501 10
420 504 10
420 510 10
420 511 10
420 514 10
421 470 10
421 471 10
421 480 10
421 481 10
421 482 10
421 484 10
421 485 10
421 486 10
421 487 10
421 488 10
421 499 10
421 504 10
421 506 10
421 512 10
421 513 10
421 514 10
421 515 10
421 522 10
422 463 10
422 466 10
422 468 10
422 486 10
422 487 10
422 488 10
422 499 10
422 504 10
422 512 10
422 514 10
423 467 10
423 469 10
423 470 10
423 476 10
423 482 10
423 483 10
423 490 10
423 493 10
423 496 10
423 503 10
423 504 10
423 525 10
423 527 10
424 483 10
424 484 10
424 492 10
424 511 10
424 512 10
424 519 10
424 520 10
424 526 10
425 478 10
425 488 10
425 489 10
425 492 10
425 495 10
425 505 10
425 508 10
425 510 10
425 512 10
425 522 10
425 525 10
425 527 10
425 528 10
426 470 10
426 473 10
426 476 10
426 493 10
426 495 10
426 496 10
426 497 10
426 509 10
426 519 10
426 522 10
427 469 10
427 475 10
427 487 10
427 492 10
427 495 10
427 497 10
427 504 10
427 507 10
427 508 10
427 509 10
427 510 10
427 529 10
428 473 10
428 475 10
428 476 10
428 478 10
428 492 10
428 494 10
428 495 10
428 502 10
428 504 10
428 506 10
428 509 10
428 520 10
428 521 10
428 523 10
428 526 10
428 529 10
429 471 10
429 472 10
429 474 10
429 476 10
429 480 10
429 487 10
429 490 10
429 492 10
429 494 10
429 497 10
429 502 10
429 503 10
429 505 10
429 510 10
429 511 10
429 525 10
429 526 10
429 527 10
430 428 10
430 438 10
430 440 10
430 463 10
430 468 10
430 470 10
430 471 10
430 472 10
430 473 10
430 474 10
430 479 10
430 480 10
430 486 10
430 488 10
430 489 10
430 490 10
430 493 10
430 494 10
430 495 10
430 496 10
430 497 10
430 499 10
430 502 10
430 504 10
430 511 10
430 522 10
430 523 10
430 526 10
430 527 10
430 529 10
431 426 10
431 427 10
431 429 10
431 430 10
431 437 10
431 440 10
431 441 10
431 442 10
431 443 10
431 445 10
431 471 10
431 472 10
431 473 10
431 479 10
431 488 10
431 491 10
431 493 10
431 494 10
431 495 10
431 497 10
431 499 10
431 505 10
431 506 10
431 512 10
431 514 10
431 523 10
431 528 10
432 427 10
432 430 10
432 451 10
432 452 10
432 463 10
432 467 10
432 468 10
432 470 10
432 471 10
432 485 10
432 486 10
432 487 10
432 490 10
432 491 10
432 492 10
432 494 10
432 495 10
432 496 10
432 497 10
432 502 10
432 503 10
432 504 10
432 505 10
432 510 10
432 520 10
432 526 10
432 532 10
433 429 10
433 430 10
433 431 10
433 433 10
433 437 10
433 438 10
433 440 10
433 445 10
433 460 10
433 469 10
433 473 10
433 474 10
433 475 10
433 476 10
433 480 10
433 482 10
433 489 10
433 490 10
433 492 10
433 495 10
433 496 10
433 498 10
433 499 10
433 503 10
433 504 10
433 505 10
433 506 10
433 512 10
433 521 10
433 524 10
433 526 10
433 528 10
433 533 10
434 427 10
434 428 10
434 429 10
434 430 10
434 440 10
434 445 10
434 452 10
434 453 10
434 466 10
434 469 10
434 470 10
434 474 10
434 480 10
434 481 10
434 487 10
434 493 10
434 494 10
434 495 10
434 497 10
434 500 10
434 503 10
434 507 10
434 521 10
434 523 10
434 524 10
434 526 10
434 531 10
435 436 10
435 437 10
435 438 10
435 447 10
435 461 10
435 463 10
435 467 10
435 469 10
435 471 10
435 472 10
435 474 10
435 476 10
435 483 10
435 487 10
435 489 10
435 496 10
435 497 10
435 498 10
435 499 10
435 501 10
435 507 10
435 509 10
435 510 10
435 511 10
435 513 10
435 514 10
435 518 10
435 520 10
435 528 10
435 530 10
435 535 10
435 539 10
436 433 10
436 437 10
436 438 10
436 440 10
436 446 10
436 449 10
436 472 10
436 474 10
436 481 10
436 482 10
436 483 10
436 491 10
436 493 10
436 497 10
436 498 10
436 499 10
436 500 10
436 501 10
436 502 10
436 504 10
436 505 10
436 506 10
436 512 10
436 514 10
436 515 10
436 526 10
436 531 10
436 532 10
436 534 10
436 536 10
436 539 10
437 433 10
437 434 10
437 436 10
437 437 10
437 439 10
437 440 10
437 441 10
437 442 10
437 445 10
437 446 10
437 461 10
437 467 10
437 473 10
437 481 10
437 484 10
437 486 10
437 490 10
437 491 10
437 496 10
437 499 10
437 501 10
437 502 10
437 503 10
437 504 10
437 505 10
437 507 10
437 508 10
437 512 10
437 514 10
437 519 10
437 522 10
437 523 10
437 528 10
437 535 10
437 538 10
438 439 10
438 443 10
438 449 10
438 457 10
438 459 10
438 460 10
438 461 10
438 462 10
438 463 10
438 464 10
438 465 10
438 466 10
438 472 10
438 473 10
438 479 10
438 482 10
438 484 10
438 485 10
438 489 10
438 491 10
438 494 10
438 495 10
438 497 10
438 498 10
438 499 10
438 500 10
438 504 10
438 521 10
438 523 10
438 528 10
438 529 10
438 530 10
438 531 10
438 533 10
438 534 10
439 432 10
439 457 10
439 460 10
439 461 10
439 462 10
439 469 10
439 476 10
439 479 10
439 480 10
439 481 10
439 482 10
439 483 10
439 484 10
439 486 10
439 487 10
439 490 10
439 492 10
439 494 10
439 497 10
439 499 10
439 501 10
439 502 10
439 503 10
439 505 10
439 507 10
439 508 10
439 509 10
439 524 10
439 526 10
439 528 10
439 531 10
439 535 10
439 536 10
440 434 10
440 439 10
440 449 10
440 451 10
440 452 10
440 458 10
440 460 10
440 461 10
440 462 10
440 472 10
440 474 10
440 478 10
440 479 10
440 482 10
440 483 10
440 485 10
440 487 10
440 492 10
440 494 10
440 497 10
440 498 10
440 499 10
440 500 10
440 501 10
440 502 10
440 503 10
440 504 10
440 505 10
440 506 10
440 509 10
440 510 10
440 513 10
440 516 10
440 518 10
440 519 10
440 525 10
440 526 10
440 531 10
440 534 10
440 535 10
440 537 10
440 538 10
441 439 10
441 454 10
441 457 10
441 458 10
441 463 10
441 468 10
441 472 10
441 473 10
441 476 10
441 478 10
441 480 10
441 485 10
441 486 10
441 489 10
441 492 10
441 493 10
441 494 10
441 496 10
441 499 10
441 502 10
441 504 10
441 507 10
441 512 10
441 518 10
441 521 10
441 530 10
441 531 10
441 534 10
441 540 10
441 541 10
442 433 10
442 435 10
442 436 10
442 439 10
442 440 10
442 441 10
442 453 10
442 457 10
442 459 10
442 460 10
442 461 10
442 463 10
442 472 10
442 473 10
442 475 10
442 476 10
442 478 10
442 480 10
442 481 10
442 482 10
442 484 10
442 485 10
442 487 10
442 489 10
442 491 10
442 492 10
442 494 10
442 495 10
442 501 10
442 506 10
442 509 10
442 513 10
442 514 10
442 515 10
442 516 10
442 517 10
442 519 10
442 525 10
442 526 10
442 532 10
442 540 10
443 435 10
443 439 10
443 448 10
443 451 10
443 452 10
443 453 10
443 454 10
443 457 10
443 459 10
443 466 10
443 469 10
443 472 10
443 475 10
443 476 10
443 477 10
443 479 10
443 480 10
443 481 10
443 483 10
443 486 10
443 489 10
443 490 10
443 492 10
443 493 10
443 498 10
443 499 10
443 500 10
443 502 10
443 503 10
443 510 10
443 512 10
443 515 10
443 516 10
443 517 10
443 518 10
443 529 10
443 532 10
443 533 10
443 535 10
443 538 10
443 539 10
443 540 10
444 430 10
444 432 10
444 433 10
444 434 10
444 436 10
444 439 10
444 441 10
444 442 10
444 444 10
444 449 10
444 452 10
444 453 10
444 454 10
444 456 10
444 460 10
444 463 10
444 465 10
444 470 10
444 476 10
444 477 10
444 479 10
444 485 10
444 489 10
444 491 10
444 494 10
444 496 10
444 497 10
444 498 10
444 500 10
444 501 10
444 509 10
444 510 10
444 512 10
444 513 10
444 515 10
444 516 10
444 517 10
444 519 10
444 521 10
444 529 10
444 531 10
444 533 10
445 428 10
445 439 10
445 441 10
445 444 10
445 448 10
445 449 10
445 456 10
445 458 10
445 459 10
445 460 10
445 462 10
445 468 10
445 473 10
445 475 10
445 476 10
445 477 10
445 479 10
445 481 10
445 493 10
445 494 10
445 495 10
445 499 10
445 500 10
445 502 10
445 503 10
445 504 10
445 510 10
445 511 10
445 517 10
445 520 10
445 521 10
445 522 10
445 523 10
445 532 10
445 533 10
446 438 10
446 441 10
446 443 10
446 444 10
446 448 10
446 449 10
446 451 10
446 452 10
446 453 10
446 454 10
446 456 10
446 458 10
446 460 10
446 470 10
446 471 10
446 475 10
446 477 10
446 478 10
446 479 10
446 481 10
446 482 10
446 487 10
446 488 10
446 490 10
446 499 10
446 501 10
446 502 10
446 509 10
446 512 10
446 514 10
446 515 10
446 516 10
446 519 10
446 520 10
446 521 10
446 523 10
446 527 10
446 529 10
446 531 10
447 434 10
447 435 10
447 437 10
447 444 10
447 447 10
447 448 10
447 449 10
447 451 10
447 458 10
447 476 10
447 477 10
447 478 10
447 480 10
447 493 10
447 495 10
447 496 10
447 497 10
447 498 10
447 501 10
447 510 10
447 511 10
447 513 10
447 516 10
447 520 10
447 521 10
447 524 10
447 528 10
447 533 10
448 435 10
448 442 10
448 443 10
448 447 10
448 448 10
448 450 10
448 451 10
448 456 10
448 458 10
448 460 10
448 461 10
448 463 10
448 470 10
448 472 10
448 474 10
448 479 10
448 481 10
448 482 10
448 490 10
448 496 10
448 498 10
448 511 10
448 514 10
448 517 10
448 518 10
448 520 10
448 527 10
448 529 10
448 530 10
448 531 10
448 533 10
449 430 10
449 436 10
449 439 10
449 440 10
449 442 10
449 443 10
449 444 10
449 447 10
449 448 10
449 450 10
449 453 10
449 457 10
449 458 10
449 459 10
449 462 10
449 469 10
449 473 10
449 484 10
449 492 10
449 494 10
449 496 10
449 497 10
449 498 10
449 499 10
449 501 10
449 502 10
449 507 10
449 509 10
449 511 10
449 512 10
449 515 10
449 516 10
449 521 10
449 523 10
449 524 10
449 528 10
449 529 10
449 532 10
449 533 10
449 549 10
449 551 10
450 438 10
450 439 10
450 442 10
450 444 10
450 445 10
450 446 10
450 448 10
450 451 10
450 456 10
450 460 10
450 461 10
450 467 10
450 469 10
450 470 10
450 471 10
450 477 10
450 481 10
450 484 10
450 487 10
450 493 10
450 495 10
450 496 10
450 497 10
450 499 10
450 512 10
450 514 10
450 516 10
450 518 10
450 530 10
450 548 10
451 428 10
451 431 10
451 432 10
451 440 10
451 441 10
451 446 10
451 449 10
451 452 10
451 456 10
451 457 10
451 458 10
451 459 10
451 460 10
451 465 10
451 467 10
451 469 10
451 471 10
451 476 10
451 483 10
451 485 10
451 486 10
451 487 10
451 488 10
451 495 10
451 497 10
451 498 10
451 499 10
451 501 10
451 504 10
451 505 10
451 510 10
451 513 10
451 514 10
451 516 10
451 518 10
451 522 10
451 525 10
451 533 10
452 431 10
452 440 10
452 442 10
452 444 10
452 449 10
452 450 10
452 455 10
452 456 10
452 457 10
452 458 10
452 459 10
452 460 10
452 462 10
452 464 10
452 465 10
452 466 10
452 470 10
452 471 10
452 473 10
452 475 10
452 476 10
452 478 10
452 479 10
452 483 10
452 485 10
452 486 10
452 488 10
452 498 10
452 502 10
452 503 10
452 507 10
452 511 10
452 512 10
452 514 10
452 518 10
452 519 10
452 521 10
452 523 10
452 524 10
452 526 10
452 528 10
452 548 10
453 429 10
453 433 10
453 437 10
453 440 10
453 443 10
453 446 10
453 449 10
453 450 10
453 451 10
453 454 10
453 457 10
453 459 10
453 466 10
453 467 10
453 468 10
453 469 10
453 470 10
453 471 10
453 472 10
453 474 10
453 476 10
453 480 10
453 481 10
453 482 10
453 484 10
453 485 10
453 486 10
453 488 10
453 496 10
453 500 10
453 502 10
453 504 10
453 506 10
453 507 10
453 509 10
453 510 10
453 512 10
453 514 10
453 520 10
453 523 10
453 526 10
453 527 10
453 528 10
453 530 10
453 548 10
454 429 10
454 436 10
454 438 10
454 439 10
454 444 10
454 447 10
454 448 10
454 456 10
454 457 10
454 458 10
454 459 10
454 460 10
454 461 10
454 465 10
454 466 10
454 467 10
454 468 10
454 469 10
454 471 10
454 474 10
454 476 10
454 477 10
454 478 10
454 480 10
454 482 10
454 483 10
454 484 10
454 486 10
454 487 10
454 488 10
454 489 10
454 500 10
454 502 10
454 514 10
454 515 10
454 520 10
454 522 10
454 527 10
454 529 10
454 531 10
454 532 10
454 547 10
454 548 10
455 419 10
455 426 10
455 427 10
455 434 10
455 436 10
455 437 10
455 441 10
455 442 10
455 443 10
455 444 10
455 445 10
455 447 10
455 451 10
455 454 10
455 456 10
455 457 10
455 461 10
455 462 10
455 463 10
455 465 10
455 466 10
455 467 10
455 468 10
455 469 10
455 470 10
455 471 10
455 472 10
455 474 10
455 475 10
455 477 10
455 480 10
455 481 10
455 482 10
455 483 10
455 485 10
455 490 10
455 501 10
455 502 10
455 505 10
455 507 10
455 508 10
455 510 10
455 512 10
455 513 10
455 524 10
455 525 10
455 527 10
455 528 10
455 530 10
455 532 10
455 534 10
455 537 10
455 542 10
456 426 10
456 434 10
456 441 10
456 443 10
456 446 10
456 447 10
456 450 10
456 451 10
456 454 10
456 462 10
456 463 10
456 467 10
456 469 10
456 470 10
456 473 10
456 474 10
456 475 10
456 476 10
456 477 10
456 478 10
456 480 10
456 481 10
456 482 10
456 483 10
456 484 10
456 485 10
456 486 10
456 487 10
456 490 10
456 500 10
456 501 10
456 502 10
456 503 10
456 506 10
456 507 10
456 513 10
456 514 10
456 516 10
456 521 10
456 525 10
456 526 10
456 527 10
456 532 10
456 535 10
456 536 10
456 538 10
456 539 10
456 549 10
457 421 10
457 423 10
457 425 10
457 432 10
457 433 10
457 434 10
457 440 10
457 442 10
457 446 10
457 447 10
457 448 10
457 449 10
457 452 10
457 453 10
457 454 10
457 455 10
457 456 10
457 457 10
457 459 10
457 460 10
457 462 10
457 465 10
457 467 10
457 468 10
457 469 10
457 470 10
457 471 10
457 474 10
457 475 10
457 478 10
457 480 10
457 481 10
457 482 10
457 483 10
457 484 10
457 485 10
457 486 10
457 487 10
457 488 10
457 490 10
457 496 10
457 500 10
457 502 10
457 509 10
457 513 10
457 519 10
457 520 10
457 523 10
457 524 10
457 527 10
457 528 10
457 532 10
457 534 10
457 536 10
457 539 10
457 540 10
457 546 10
457 549 10
458 419 10
458 422 10
458 424 10
458 428 10
458 433 10
458 435 10
458 436 10
458 443 10
458 445 10
458 446 10
458 450 10
458 451 10
458 452 10
458 453 10
458 454 10
458 457 10
458 458 10
458 459 10
458 460 10
458 461 10
458 462 10
458 465 10
458 467 10
458 468 10
458 470 10
458 473 10
458 474 10
458 475 10
458 477 10
458 478 10
458 479 10
458 480 10
458 481 10
458 482 10
458 483 10
458 484 10
458 485 10
458 486 10
458 487 10
458 488 10
458 489 10
458 490 10
458 492 10
458 493 10
458 501 10
458 502 10
458 503 10
458 507 10
458 509 10
458 513 10
458 515 10
458 516 10
458 517 10
458 519 10
458 523 10
458 524 10
458 529 10
458 531 10
458 532 10
458 538 10
458 541 10
458 542 10
458 545 10
458 549 10
459 420 10
459 421 10
459 435 10
459 440 10
459 442 10
459 443 10
459 445 10
459 449 10
459 452 10
459 453 10
459 459 10
459 461 10
459 462 10
459 463 10
459 466 10
459 468 10
459 469 10
459 470 10
459 471 10
459 472 10
459 473 10
459 474 10
459 475 10
459 476 10
459 477 10
459 478 10
459 479 10
459 481 10
459 483 10
459 484 10
459 485 10
459 486 10
459 487 10
459 491 10
459 492 10
459 493 10
459 500 10
459 502 10
459 503 10
459 510 10
459 512 10
459 515 10
459 516 10
459 524 10
459 525 10
459 526 10
459 527 10
459 529 10
459 532 10
459 533 10
459 536 10
459 537 10
459 539 10
459 543 10
459 546 10
459 547 10
459 548 10
460 414 10
460 418 10
460 419 10
460 420 10
460 424 10
460 431 10
460 432 10
460 437 10
460 438 10
460 442 10
460 444 10
460 445 10
460 446 10
460 457 10
460 459 10
460 462 10
460 463 10
460 464 10
460 468 10
460 469 10
460 470 10
460 471 10
460 472 10
460 473 10
460 476 10
460 478 10
460 479 10
460 480 10
460 483 10
460 484 10
460 485 10
460 486 10
460 490 10
460 491 10
460 493 10
460 494 10
460 495 10
460 497 10
460 499 10
460 501 10
460 504 10
460 506 10
460 508 10
460 509 10
460 510 10
460 513 10
460 518 10
460 519 10
460 523 10
460 526 10
460 530 10
460 532 10
460 533 10
460 534 10
460 535 10
460 536 10
460 538 10
460 541 10
460 542 10
460 546 10
461 413 10
461 414 10
461 416 10
461 418 10
461 420 10
461 422 10
461 425 10
461 426 10
461 428 10
461 433 10
461 440 10
461 444 10
461 451 10
461 455 10
461 457 10
461 458 10
461 459 10
461 460 10
461 461 10
461 464 10
461 466 10
461 467 10
461 469 10
461 476 10
461 479 10
461 482 10
461 484 10
461 486 10
461 487 10
461 490 10
461 491 10
461 492 10
461 494 10
461 495 10
461 497 10
461 498 10
461 499 10
461 502 10
461 509 10
461 510 10
461 511 10
461 516 10
461 517 10
461 518 10
461 523 10
461 524 10
461 528 10
461 529 10
461 530 10
461 541 10
461 542 10
462 410 10
462 418 10
462 421 10
462 425 10
462 426 10
462 430 10
462 442 10
462 443 10
462 449 10
462 451 10
462 453 10
462 454 10
462 457 10
462 460 10
462 462 10
462 463 10
462 464 10
462 465 10
462 468 10
462 470 10
462 472 10
462 473 10
462 474 10
462 475 10
462 480 10
462 482 10
462 483 10
462 485 10
462 486 10
462 488 10
462 492 10
462 496 10
462 498 10
462 499 10
462 501 10
462 505 10
462 506 10
462 508 10
462 509 10
462 510 10
462 517 10
462 519 10
462 530 10
462 532 10
462 536 10
462 544 10
462 545 10
462 551 10
463 418 10
463 420 10
463 427 10
463 429 10
463 430 10
463 431 10
463 439 10
463 445 10
463 452 10
463 453 10
463 455 10
463 459 10
463 461 10
463 462 10
463 464 10
463 466 10
463 471 10
463 473 10
463 475 10
463 477 10
463 478 10
463 479 10
463 480 10
463 481 10
463 484 10
463 485 10
463 487 10
463 488 10
463 489 10
463 490 10
463 491 10
463 493 10
463 494 10
463 495 10
463 496 10
463 498 10
463 499 10
463 503 10
463 504 10
463 505 10
463 506 10
463 508 10
463 509 10
463 510 10
463 511 10
463 513 10
463 517 10
463 519 10
463 537 10
463 545 10
463 550 10
464 417 10
464 418 10
464 419 10
464 424 10
464 425 10
464 428 10
464 430 10
464 431 10
464 432 10
464 447 10
464 454 10
464 456 10
464 459 10
464 460 10
464 461 10
464 462 10
464 464 10
464 465 10
464 466 10
464 467 10
464 468 10
464 470 10
464 471 10
464 473 10
464 474 10
464 479 10
464 480 10
464 481 10
464 482 10
464 483 10
464 484 10
464 485 10
464 486 10
464 488 10
464 493 10
464 496 10
464 497 10
464 498 10
464 500 10
464 501 10
464 503 10
464 504 10
464 505 10
464 506 10
464 507 10
464 508 10
464 509 10
464 510 10
464 511 10
464 513 10
464 514 10
464 520 10
464 528 10
464 529 10
464 530 10
464 541 10
465 410 10
465 411 10
465 412 10
465 423 10
465 426 10
465 427 10
465 428 10
465 430 10
465 432 10
465 435 10
465 438 10
465 440 10
465 442 10
465 446 10
465 447 10
465 449 10
465 451 10
465 452 10
465 453 10
465 454 10
465 455 10
465 461 10
465 462 10
465 463 10
465 464 10
465 465 10
465 468 10
465 472 10
465 474 10
465 475 10
465 476 10
465 481 10
465 482 10
465 483 10
465 486 10
465 487 10
465 488 10
465 489 10
465 491 10
465 492 10
465 493 10
465 495 10
465 499 10
465 501 10
465 502 10
465 503 10
465 504 10
465 506 10
465 507 10
465 509 10
465 510 10
465 512 10
465 514 10
465 521 10
465 531 10
465 543 10
465 548 10
466 410 10
466 412 10
466 413 10
466 417 10
466 418 10
466 420 10
466 422 10
466 423 10
466 426 10
466 427 10
466 428 10
466 429 10
466 430 10
466 435 10
466 437 10
466 444 10
466 447 10
466 457 10
466 460 10
466 461 10
466 462 10
466 463 10
466 464 10
466 465 10
466 466 10
466 467 10
466 470 10
466 472 10
466 476 10
466 477 10
466 479 10
466 480 10
466 482 10
466 483 10
466 484 10
466 485 10
466 486 10
466 487 10
466 488 10
466 489 10
466 490 10
466 492 10
466 493 10
466 495 10
466 497 10
466 500 10
466 501 10
466 503 10
466 504 10
466 505 10
466 506 10
466 509 10
466 510 10
466 511 10
466 512 10
466 513 10
466 518 10
466 521 10
466 528 10
466 533 10
467 415 10
467 416 10
467 417 10
467 418 10
467 420 10
467 421 10
467 422 10
467 424 10
467 427 10
467 428 10
467 429 10
467 430 10
467 431 10
467 433 10
467 442 10
467 449 10
467 451 10
467 453 10
467 454 10
467 455 10
467 458 10
467 460 10
467 461 10
467 462 10
467 463 10
467 464 10
467 466 10
467 467 10
467 471 10
467 474 10
467 475 10
467 478 10
467 479 10
467 481 10
467 482 10
467 484 10
467 485 10
467 486 10
467 487 10
467 488 10
467 490 10
467 494 10
467 496 10
467 498 10
467 499 10
467 500 10
467 502 10
467 503 10
467 504 10
467 505 10
467 506 10
467 507 10
467 508 10
467 512 10
467 516 10
467 520 10
467 522 10
467 528 10
467 530 10
467 531 10
467 532 10
467 542 10
468 409 10
468 411 10
468 422 10
468 424 10
468 425 10
468 427 10
468 429 10
468 431 10
468 432 10
468 434 10
468 438 10
468 448 10
468 451 10
468 452 10
468 453 10
468 454 10
468 457 10
468 458 10
468 460 10
468 461 10
468 462 10
468 463 10
468 464 10
468 466 10
468 469 10
468 471 10
468 473 10
468 474 10
468 475 10
468 476 10
468 477 10
468 478 10
468 479 10
468 481 10
468 482 10
468 483 10
468 484 10
468 488 10
468 490 10
468 491 10
468 494 10
468 495 10
468 496 10
468 499 10
468 501 10
468 503 10
468 504 10
468 505 10
468 506 10
468 507 10
468 508 10
468 521 10
468 523 10
468 530 10
468 533 10
468 543 10
468 547 10
469 416 10
469 420 10
469 421 10
469 424 10
469 427 10
469 430 10
469 431 10
469 432 10
469 433 10
469 437 10
469 443 10
469 444 10
469 447 10
469 450 10
469 454 10
469 459 10
469 461 10
469 462 10
469 463 10
469 465 10
469 466 10
469 468 10
469 470 10
469 473 10
469 474 10
469 475 10
469 480 10
469 482 10
469 484 10
469 486 10
469 492 10
469 493 10
469 495 10
469 498 10
469 500 10
469 501 10
469 502 10
469 503 10
469 504 10
469 505 10
469 506 10
469 507 10
469 508 10
469 510 10
469 514 10
469 515 10
469 516 10
469 519 10
469 520 10
469 522 10
469 523 10
469 528 10
469 531 10
469 535 10
469 542 10
470 413 10
470 414 10
470 418 10
470 422 10
470 423 10
470 431 10
470 434 10
470 456 10
470 460 10
470 463 10
470 464 10
470 467 10
470 473 10
470 478 10
470 480 10
470 481 10
470 484 10
470 486 10
470 487 10
470 488 10
470 490 10
470 491 10
470 494 10
470 495 10
470 498 10
470 504 10
470 505 10
470 506 10
470 508 10
470 509 10
470 512 10
470 513 10
470 518 10
470 522 10
470 523 10
470 527 10
470 529 10
470 530 10
470 531 10
470 545 10
471 422 10
471 424 10
471 429 10
471 430 10
471 432 10
471 444 10
471 446 10
471 447 10
471 455 10
471 457 10
471 461 10
471 463 10
471 464 10
471 467 10
471 472 10
471 473 10
471 475 10
471 476 10
471 477 10
471 480 10
471 481 10
471 484 10
471 485 10
471 487 10
471 489 10
471 490 10
471 495 10
471 496 10
471 497 10
471 499 10
471 502 10
471 504 10
471 506 10
471 507 10
471 508 10
471 510 10
471 513 10
471 514 10
471 515 10
471 517 10
471 520 10
471 527 10
471 531 10
471 532 10
471 545 10
471 547 10
472 412 10
472 413 10
472 414 10
472 416 10
472 425 10
472 434 10
472 445 10
472 464 10
472 465 10
472 467 10
472 471 10
472 473 10
472 474 10
472 477 10
472 478 10
472 479 10
472 480 10
472 482 10
472 483 10
472 484 10
472 486 10
472 487 10
472 491 10
472 494 10
472 497 10
472 499 10
472 501 10
472 504 10
472 507 10
472 511 10
472 514 10
472 517 10
472 518 10
472 519 10
472 520 10
472 521 10
472 522 10
472 525 10
472 531 10
472 558 10
473 412 10
473 414 10
473 423 10
473 433 10
473 448 10
473 459 10
473 464 10
473 465 10
473 466 10
473 468 10
473 469 10
473 471 10
473 473 10
473 474 10
473 479 10
473 481 10
473 483 10
473 488 10
473 495 10
473 502 10
473 504 10
473 508 10
473 509 10
473 512 10
473 517 10
473 518 10
473 519 10
473 522 10
473 523 10
473 525 10
473 526 10
473 534 10
474 412 10
474 414 10
474 415 10
474 416 10
474 417 10
474 423 10
474 424 10
474 425 10
474 426 10
474 431 10
474 433 10
474 435 10
474 449 10
474 464 10
474 467 10
474 468 10
474 469 10
474 471 10
474 472 10
474 474 10
474 477 10
474 478 10
474 480 10
474 483 10
474 484 10
474 485 10
474 486 10
474 487 10
474 488 10
474 489 10
474 490 10
474 495 10
474 502 10
474 503 10
474 505 10
474 507 10
474 514 10
474 516 10
474 517 10
474 520 10
474 521 10
474 524 10
474 529 10
474 530 10
474 552 10
475 404 10
475 405 10
475 412 10
475 414 10
475 416 10
475 417 10
475 426 10
475 439 10
475 455 10
475 456 10
475 465 10
475 469 10
475 474 10
475 479 10
475 480 10
475 483 10
475 484 10
475 487 10
475 490 10
475 492 10
475 501 10
475 502 10
475 503 10
475 507 10
475 508 10
475 512 10
475 514 10
475 515 10
475 516 10
475 517 10
475 519 10
475 520 10
475 525 10
475 529 10
475 532 10
475 533 10
475 534 10
475 535 10
475 549 10
475 558 10
475 559 10
476 405 10
476 407 10
476 424 10
476 426 10
476 427 10
476 428 10
476 433 10
476 434 10
476 436 10
476 450 10
476 467 10
476 468 10
476 469 10
476 472 10
476 473 10
476 481 10
476 483 10
476 485 10
476 486 10
476 488 10
476 489 10
476 491 10
476 492 10
476 493 10
476 494 10
476 496 10
476 498 10
476 506 10
476 507 10
476 510 10
476 511 10
476 513 10
476 515 10
476 516 10
476 517 10
476 518 10
476 524 10
476 525 10
476 528 10
476 531 10
476 532 10
476 534 10
476 535 10
476 537 10
476 547 10
476 548 10
476 550 10
477 403 10
477 404 10
477 406 10
477 407 10
477 411 10
477 414 10
477 417 10
477 418 10
477 424 10
477 425 10
477 429 10
477 432 10
477 437 10
477 467 10
477 470 10
477 472 10
477 473 10
477 474 10
477 475 10
477 477 10
477 479 10
477 483 10
477 487 10
477 488 10
477 489 10
477 490 10
477 496 10
477 498 10
477 499 10
477 500 10
477 503 10
477 507 10
477 509 10
477 513 10
477 515 10
477 517 10
477 518 10
477 521 10
477 522 10
477 525 10
477 530 10
477 531 10
477 534 10
477 536 10
477 547 10
477 551 10
477 552 10
477 556 10
477 572 10
478 404 10
478 406 10
478 407 10
478 408 10
478 409 10
478 419 10
478 420 10
478 424 10
478 426 10
478 427 10
478 428 10
478 429 10
478 474 10
478 475 10
478 477 10
478 484 10
478 489 10
478 491 10
478 492 10
478 496 10
478 499 10
478 507 10
478 509 10
478 513 10
478 514 10
478 516 10
478 517 10
478 519 10
478 520 10
478 521 10
478 523 10
478 524 10
478 525 10
478 527 10
478 529 10
478 531 10
478 533 10
478 536 10
478 538 10
478 573 10
478 574 10
479 410 10
479 415 10
479 416 10
479 417 10
479 418 10
479 419 10
479 420 10
479 424 10
479 426 10
479 435 10
479 467 10
479 470 10
479 471 10
479 474 10
479 475 10
479 477 10
479 478 10
479 483 10
479 489 10
479 491 10
479 493 10
479 494 10
479 495 10
479 496 10
479 497 10
479 498 10
479 501 10
479 502 10
479 505 10
479 510 10
479 513 10
479 515 10
479 516 10
479 517 10
479 519 10
479 520 10
479 521 10
479 522 10
479 523 10
479 524 10
479 525 10
479 527 10
479 531 10
479 532 10
479 533 10
479 545 10
479 561 10
479 574 10
480 416 10
480 417 10
480 419 10
480 420 10
480 423 10
480 425 10
480 426 10
480 430 10
480 466 10
480 471 10
480 472 10
480 475 10
480 476 10
480 477 10
480 480 10
480 494 10
480 499 10
480 502 10
480 503 10
480 504 10
480 505 10
480 513 10
480 514 10
480 515 10
480 516 10
480 518 10
480 519 10
480 521 10
480 523 10
480 526 10
480 528 10
480 536 10
480 537 10
480 539 10
480 541 10
480 548 10
480 561 10
480 573 10
480 574 10
480 579 10
481 415 10
481 416 10
481 418 10
481 426 10
481 427 10
481 432 10
481 472 10
481 478 10
481 482 10
481 483 10
481 494 10
481 497 10
481 498 10
481 499 10
481 514 10
481 516 10
481 518 10
481 520 10
481 526 10
481 530 10
481 531 10
481 542 10
481 545 10
481 546 10
481 550 10
481 551 10
481 562 10
481 577 10
481 579 10
482 418 10
482 428 10
482 430 10
482 452 10
482 472 10
482 473 10
482 474 10
482 478 10
482 479 10
482 480 10
482 495 10
482 496 10
482 497 10
482 500 10
482 501 10
482 503 10
482 504 10
482 509 10
482 516 10
482 518 10
482 520 10
482 521 10
482 522 10
482 525 10
482 531 10
482 540 10
482 542 10
482 543 10
482 544 10
482 546 10
482 549 10
482 558 10
482 559 10
482 560 10
482 561 10
482 562 10
482 563 10
482 568 10
482 571 10
482 573 10
482 575 10
482 581 10
483 418 10
483 426 10
483 427 10
483 438 10
483 454 10
483 456 10
483 468 10
483 472 10
483 476 10
483 481 10
483 482 10
483 483 10
483 496 10
483 497 10
483 503 10
483 504 10
483 520 10
483 521 10
483 524 10
483 531 10
483 533 10
483 543 10
483 544 10
483 546 10
483 547 10
483 550 10
483 551 10
483 554 10
483 558 10
483 559 10
483 561 10
483 562 10
483 563 10
483 570 10
483 572 10
483 579 10
484 415 10
484 417 10
484 418 10
484 434 10
484 435 10
484 438 10
484 440 10
484 454 10
484 471 10
484 472 10
484 473 10
484 476 10
484 481 10
484 495 10
484 496 10
484 497 10
484 498 10
484 501 10
484 504 10
484 505 10
484 506 10
484 508 10
484 512 10
484 514 10
484 515 10
484 517 10
484 518 10
484 519 10
484 520 10
484 521 10
484 522 10
484 523 10
484 524 10
484 526 10
484 527 10
484 528 10
484 529 10
484 533 10
484 535 10
484 538 10
484 539 10
484 540 10
484 550 10
484 551 10
484 554 10
484 556 10
484 557 10
484 559 10
484 560 10
484 561 10
484 562 10
484 566 10
484 568 10
484 570 10
485 419 10
485 420 10
485 434 10
485 437 10
485 440 10
485 467 10
485 468 10
485 478 10
485 494 10
485 500 10
485 502 10
485 504 10
485 505 10
485 508 10
485 512 10
485 513 10
485 514 10
485 515 10
485 516 10
485 517 10
485 518 10
485 521 10
485 524 10
485 525 10
485 526 10
485 528 10
485 529 10
485 530 10
485 531 10
485 534 10
485 538 10
485 540 10
485 542 10
485 544 10
485 545 10
485 547 10
485 549 10
485 551 10
485 554 10
485 556 10
485 558 10
485 559 10
485 560 10
485 561 10
485 562 10
485 568 10
485 581 10
485 583 10
485 585 10
486 418 10
486 419 10
486 431 10
486 434 10
486 435 10
486 448 10
486 451 10
486 454 10
486 457 10
486 465 10
486 471 10
486 472 10
486 473 10
486 476 10
486 495 10
486 496 10
486 497 10
486 498 10
486 499 10
486 502 10
486 504 10
486 511 10
486 514 10
486 515 10
486 516 10
486 517 10
486 519 10
486 521 10
486 522 10
486 523 10
486 524 10
486 526 10
486 527 10
486 528 10
486 529 10
486 534 10
486 537 10
486 538 10
486 539 10
486 541 10
486 542 10
486 545 10
486 550 10
486 553 10
486 556 10
486 557 10
486 558 10
486 559 10
486 560 10
486 562 10
486 566 10
486 579 10
486 581 10
487 418 10
487 433 10
487 455 10
487 456 10
487 467 10
487 468 10
487 469 10
487 471 10
487 473 10
487 498 10
487 500 10
487 501 10
487 502 10
487 503 10
487 504 10
487 506 10
487 507 10
487 508 10
487 511 10
487 512 10
487 513 10
487 514 10
487 515 10
487 517 10
487 519 10
487 521 10
487 522 10
487 523 10
487 524 10
487 526 10
487 528 10
487 530 10
487 533 10
487 540 10
487 542 10
487 547 10
487 550 10
487 551 10
487 553 10
487 555 10
487 557 10
487 558 10
487 559 10
487 562 10
487 563 10
487 583 10
488 431 10
488 433 10
488 434 10
488 436 10
488 455 10
488 458 10
488 466 10
488 467 10
488 475 10
488 477 10
488 478 10
488 482 10
488 483 10
488 498 10
488 499 10
488 504 10
488 508 10
488 509 10
488 511 10
488 512 10
488 514 10
488 515 10
488 516 10
488 517 10
488 518 10
488 519 10
488 520 10
488 522 10
488 523 10
488 524 10
488 526 10
488 527 10
488 528 10
488 531 10
488 533 10
488 538 10
488 539 10
488 541 10
488 543 10
488 546 10
488 549 10
488 550 10
488 551 10
488 555 10
488 557 10
488 558 10
488 560 10
488 561 10
488 563 10
488 564 10
488 565 10
488 584 10
489 427 10
489 429 10
489 430 10
489 431 10
489 438 10
489 446 10
489 452 10
489 464 10
489 465 10
489 469 10
489 470 10
489 471 10
489 474 10
489 475 10
489 501 10
489 503 10
489 504 10
489 506 10
489 508 10
489 509 10
489 510 10
489 511 10
489 513 10
489 514 10
489 515 10
489 516 10
489 517 10
489 518 10
489 519 10
489 520 10
489 521 10
489 523 10
489 524 10
489 526 10
489 528 10
489 530 10
489 531 10
489 534 10
489 535 10
489 536 10
489 539 10
489 540 10
489 542 10
489 545 10
489 546 10
489 547 10
489 549 10
489 551 10
489 552 10
489 554 10
489 555 10
489 557 10
489 558 10
489 559 10
489 560 10
489 561 10
489 562 10
489 563 10
489 564 10
489 567 10
489 572 10
489 573 10
490 420 10
490 422 10
490 427 10
490 429 10
490 430 10
490 431 10
490 434 10
490 435 10
490 454 10
490 460 10
490 461 10
490 462 10
490 466 10
490 467 10
490 468 10
490 471 10
490 472 10
490 473 10
490 474 10
490 475 10
490 477 10
490 478 10
490 480 10
490 483 10
490 499 10
490 500 10
490 502 10
490 503 10
490 504 10
490 505 10
490 507 10
490 510 10
490 511 10
490 512 10
490 516 10
490 519 10
490 520 10
490 523 10
490 525 10
490 528 10
490 531 10
490 533 10
490 535 10
490 540 10
490 541 10
490 542 10
490 544 10
490 546 10
490 547 10
490 548 10
490 550 10
490 551 10
490 561 10
490 563 10
490 564 10
490 570 10
490 571 10
490 572 10
490 582 10
490 586 10
490 592 10
491 427 10
491 430 10
491 431 10
491 432 10
491 433 10
491 434 10
491 436 10
491 438 10
491 440 10
491 441 10
491 448 10
491 460 10
491 461 10
491 462 10
491 464 10
491 466 10
491 468 10
491 476 10
491 477 10
491 483 10
491 496 10
491 500 10
491 502 10
491 503 10
491 504 10
491 506 10
491 507 10
491 509 10
491 510 10
491 511 10
491 515 10
491 517 10
491 518 10
491 519 10
491 525 10
491 528 10
491 536 10
491 537 10
491 544 10
491 545 10
491 546 10
491 547 10
491 548 10
491 550 10
491 551 10
491 554 10
491 565 10
491 572 10
491 585 10
491 590 10
491 591 10
492 428 10
492 430 10
492 432 10
492 433 10
492 434 10
492 435 10
492 441 10
492 442 10
492 443 10
492 447 10
492 454 10
492 462 10
492 471 10
492 472 10
492 473 10
492 474 10
492 475 10
492 476 10
492 477 10
492 479 10
492 486 10
492 489 10
492 500 10
492 501 10
492 502 10
492 503 10
492 504 10
492 507 10
492 508 10
492 511 10
492 513 10
492 515 10
492 516 10
492 518 10
492 523 10
492 525 10
492 526 10
492 528 10
492 531 10
492 533 10
492 536 10
492 537 10
492 539 10
492 543 10
492 545 10
492 546 10
492 548 10
492 551 10
492 552 10
492 558 10
492 573 10
492 574 10
492 593 10
493 427 10
493 428 10
493 431 10
493 435 10
493 436 10
493 437 10
493 440 10
493 441 10
493 442 10
493 443 10
493 445 10
493 454 10
493 456 10
493 460 10
493 461 10
493 462 10
493 464 10
493 466 10
493 468 10
493 471 10
493 472 10
493 473 10
493 474 10
493 475 10
493 481 10
493 483 10
493 486 10
493 488 10
493 493 10
493 494 10
493 495 10
493 496 10
493 502 10
493 506 10
493 509 10
493 510 10
493 513 10
493 514 10
493 516 10
493 518 10
493 520 10
493 522 10
493 526 10
493 527 10
493 529 10
493 530 10
493 531 10
493 532 10
493 534 10
493 536 10
493 537 10
493 538 10
493 539 10
493 540 10
493 541 10
493 542 10
493 543 10
493 547 10
493 548 10
493 549 10
493 551 10
493 552 10
493 555 10
493 557 10
493 566 10
493 567 10
493 573 10
493 580 10
493 591 10
493 593 10
494 431 10
494 433 10
494 434 10
494 435 10
494 436 10
494 437 10
494 441 10
494 442 10
494 443 10
494 450 10
494 454 10
494 458 10
494 464 10
494 465 10
494 473 10
494 474 10
494 476 10
494 484 10
494 485 10
494 494 10
494 496 10
494 499 10
494 501 10
494 502 10
494 506 10
494 508 10
494 509 10
494 512 10
494 513 10
494 515 10
494 517 10
494 518 10
494 524 10
494 525 10
494 527 10
494 528 10
494 532 10
494 534 10
494 535 10
494 536 10
494 540 10
494 541 10
494 547 10
494 549 10
494 550 10
494 553 10
494 554 10
494 555 10
494 557 10
494 568 10
494 569 10
494 570 10
494 571 10
494 581 10
494 589 10
495 429 10
495 431 10
495 435 10
495 436 10
495 437 10
495 438 10
495 439 10
495 442 10
495 446 10
495 457 10
495 458 10
495 465 10
495 467 10
495 468 10
495 470 10
495 471 10
495 472 10
495 473 10
495 477 10
495 478 10
495 483 10
495 486 10
495 487 10
495 488 10
495 493 10
495 499 10
495 501 10
495 503 10
495 504 10
495 505 10
495 506 10
495 507 10
495 510 10
495 513 10
495 514 10
495 517 10
495 518 10
495 519 10
495 521 10
495 522 10
495 526 10
495 530 10
495 532 10
495 533 10
495 535 10
495 538 10
495 541 10
495 542 10
495 545 10
495 547 10
495 549 10
495 550 10
495 555 10
495 556 10
495 557 10
495 558 10
495 559 10
495 560 10
495 566 10
495 570 10
495 571 10
495 572 10
495 573 10
495 574 10
496 415 10
496 424 10
496 430 10
496 432 10
496 433 10
496 435 10
496 436 10
496 440 10
496 443 10
496 445 10
496 455 10
496 456 10
496 460 10
496 462 10
496 463 10
496 464 10
496 467 10
496 470 10
496 471 10
496 472 10
496 474 10
496 475 10
496 476 10
496 477 10
496 480 10
496 481 10
496 482 10
496 483 10
496 486 10
496 490 10
496 493 10
496 494 10
496 496 10
496 502 10
496 504 10
496 506 10
496 507 10
496 509 10
496 512 10
496 513 10
496 515 10
496 516 10
496 517 10
496 519 10
496 521 10
496 522 10
496 524 10
496 525 10
496 527 10
496 529 10
496 530 10
496 532 10
496 534 10
496 539 10
496 541 10
496 542 10
496 543 10
496 546 10
496 547 10
496 548 10
496 551 10
496 552 10
496 556 10
496 557 10
496 564 10
496 567 10
496 570 10
496 571 10
496 574 10
496 576 10
496 588 10
497 427 10
497 435 10
497 436 10
497 437 10
497 438 10
497 439 10
497 440 10
497 441 10
497 443 10
497 445 10
497 457 10
497 458 10
497 460 10
497 463 10
497 464 10
497 465 10
497 473 10
497 475 10
497 476 10
497 477 10
497 478 10
497 479 10
497 482 10
497 484 10
497 485 10
497 486 10
497 493 10
497 500 10
497 506 10
497 509 10
497 510 10
497 511 10
497 512 10
497 514 10
497 517 10
497 518 10
497 521 10
497 524 10
497 526 10
497 527 10
497 533 10
497 534 10
497 537 10
497 540 10
497 541 10
497 545 10
497 550 10
497 552 10
497 553 10
497 555 10
497 558 10
497 560 10
497 565 10
497 566 10
497 567 10
497 569 10
497 573 10
497 576 10
497 582 10
498 416 10
498 421 10
498 425 10
498 429 10
498 430 10
498 431 10
498 434 10
498 436 10
498 437 10
498 439 10
498 440 10
498 443 10
498 444 10
498 447 10
498 448 10
498 452 10
498 456 10
498 457 10
498 458 10
498 466 10
498 472 10
498 473 10
498 474 10
498 475 10
498 477 10
498 480 10
498 483 10
498 484 10
498 486 10
498 488 10
498 492 10
498 494 10
498 496 10
498 497 10
498 501 10
498 505 10
498 507 10
498 510 10
498 511 10
498 512 10
498 513 10
498 514 10
498 515 10
498 516 10
498 517 10
498 518 10
498 519 10
498 520 10
498 521 10
498 526 10
498 528 10
498 529 10
498 531 10
498 533 10
498 535 10
498 540 10
498 542 10
498 543 10
498 544 10
498 545 10
498 546 10
498 549 10
498 551 10
498 556 10
498 563 10
498 564 10
498 565 10
498 567 10
498 570 10
498 571 10
498 572 10
498 573 10
498 581 10
499 428 10
499 429 10
499 431 10
499 433 10
499 435 10
499 438 10
499 441 10
499 443 10
499 454 10
499 459 10
499 473 10
499 475 10
499 477 10
499 478 10
499 479 10
499 481 10
499 482 10
499 485 10
499 494 10
499 498 10
499 500 10
499 507 10
499 512 10
499 513 10
499 514 10
499 518 10
499 519 10
499 520 10
499 523 10
499 526 10
499 530 10
499 531 10
499 533 10
499 535 10
499 542 10
499 543 10
499 550 10
499 552 10
499 554 10
499 558 10
499 559 10
499 560 10
499 561 10
499 563 10
499 565 10
499 566 10
499 570 10
499 575 10
500 419 10
500 421 10
500 422 10
500 426 10
500 429 10
500 431 10
500 432 10
500 433 10
500 436 10
500 438 10
500 441 10
500 443 10
500 446 10
500 447 10
500 448 10
500 450 10
500 451 10
500 452 10
500 454 10
500 455 10
500 461 10
500 462 10
500 464 10
500 472 10
500 473 10
500 476 10
500 477 10
500 479 10
500 480 10
500 492 10
500 495 10
500 496 10
500 497 10
500 501 10
500 503 10
500 504 10
500 505 10
500 508 10
500 510 10
500 512 10
500 515 10
500 516 10
500 519 10
500 521 10
500 522 10
500 527 10
500 529 10
500 530 10
500 531 10
500 532 10
500 536 10
500 537 10
500 538 10
500 539 10
500 540 10
500 541 10
500 543 10
500 544 10
500 545 10
500 546 10
500 548 10
500 550 10
500 552 10
500 555 10
500 556 10
500 557 10
500 562 10
500 564 10
500 565 10
500 567 10
500 568 10
500 569 10
500 571 10
500 580 10
501 424 10
501 436 10
501 440 10
501 441 10
501 442 10
501 444 10
501 445 10
501 450 10
501 454 10
501 458 10
501 461 10
501 462 10
501 471 10
501 472 10
501 474 10
501 477 10
501 478 10
501 479 10
501 480 10
501 481 10
501 492 10
501 493 10
501 494 10
501 495 10
501 496 10
501 498 10
501 507 10
501 508 10
501 509 10
501 515 10
501 519 10
501 520 10
501 527 10
501 530 10
501 531 10
501 533 10
501 535 10
501 536 10
501 537 10
501 538 10
501 539 10
501 540 10
501 545 10
501 547 10
501 548 10
501 549 10
501 553 10
501 555 10
501 565 10
501 573 10
501 575 10
501 577 10
502 419 10
502 423 10
502 424 10
502 427 10
502 428 10
502 429 10
502 430 10
502 432 10
502 433 10
502 439 10
502 440 10
502 441 10
502 442 10
502 443 10
502 444 10
502 446 10
502 449 10
502 451 10
502 453 10
502 454 10
502 458 10
502 461 10
502 462 10
502 464 10
502 471 10
502 479 10
502 486 10
502 492 10
502 493 10
502 496 10
502 497 10
502 498 10
502 499 10
502 503 10
502 504 10
502 505 10
502 506 10
502 507 10
502 512 10
502 513 10
502 516 10
502 517 10
502 519 10
502 520 10
502 521 10
502 523 10
502 525 10
502 532 10
502 533 10
502 536 10
502 537 10
502 538 10
502 539 10
502 540 10
502 541 10
502 542 10
502 543 10
502 544 10
502 545 10
502 547 10
502 552 10
502 554 10
502 556 10
502 557 10
502 558 10
502 560 10
502 564 10
502 567 10
502 569 10
502 570 10
503 421 10
503 422 10
503 425 10
503 427 10
503 428 10
503 430 10
503 431 10
503 433 10
503 436 10
503 437 10
503 439 10
503 440 10
503 444 10
503 446 10
503 449 10
503 450 10
503 451 10
503 452 10
503 454 10
503 458 10
503 464 10
503 467 10
503 470 10
503 479 10
503 480 10
503 491 10
503 494 10
503 495 10
503 496 10
503 498 10
503 500 10
503 503 10
503 507 10
503 508 10
503 509 10
503 510 10
503 512 10
503 513 10
503 514 10
503 515 10
503 516 10
503 517 10
503 519 10
503 520 10
503 521 10
503 526 10
503 527 10
503 528 10
503 530 10
503 532 10
503 533 10
503 534 10
503 536 10
503 537 10
503 538 10
503 540 10
503 543 10
503 544 10
503 546 10
503 549 10
503 550 10
503 551 10
503 552 10
503 554 10
503 564 10
503 565 10
503 568 10
503 573 10
504 422 10
504 425 10
504 426 10
504 427 10
504 429 10
504 430 10
504 432 10
504 440 10
504 441 10
504 442 10
504 443 10
504 445 10
504 447 10
504 452 10
504 457 10
504 459 10
504 462 10
504 466 10
504 478 10
504 479 10
504 480 10
504 481 10
504 483 10
504 484 10
504 489 10
504 491 10
504 493 10
504 494 10
504 495 10
504 496 10
504 497 10
504 498 10
504 499 10
504 501 10
504 504 10
504 506 10
504 508 10
504 509 10
504 510 10
504 511 10
504 513 10
504 514 10
504 516 10
504 517 10
504 518 10
504 519 10
504 524 10
504 525 10
504 530 10
504 531 10
504 534 10
504 537 10
504 538 10
504 540 10
504 542 10
504 543 10
504 545 10
504 546 10
504 554 10
504 555 10
504 559 10
504 561 10
504 563 10
504 566 10
504 567 10
505 418 10
505 422 10
505 424 10
505 425 10
505 426 10
505 427 10
505 429 10
505 430 10
505 432 10
505 440 10
505 442 10
505 444 10
505 445 10
505 448 10
505 450 10
505 451 10
505 453 10
505 458 10
505 461 10
505 463 10
505 466 10
505 467 10
505 478 10
505 491 10
505 493 10
505 494 10
505 495 10
505 500 10
505 505 10
505 506 10
505 508 10
505 509 10
505 510 10
505 511 10
505 513 10
505 516 10
505 517 10
505 518 10
505 520 10
505 524 10
505 526 10
505 534 10
505 535 10
505 536 10
505 537 10
505 539 10
505 542 10
505 543 10
505 544 10
505 545 10
505 547 10
505 549 10
505 550 10
505 552 10
505 554 10
505 557 10
505 558 10
505 563 10
505 565 10
505 574 10
506 415 10
506 418 10
506 419 10
506 423 10
506 424 10
506 426 10
506 429 10
506 431 10
506 433 10
506 434 10
506 436 10
506 438 10
506 439 10
506 442 10
506 443 10
506 448 10
506 449 10
506 451 10
506 463 10
506 469 10
506 470 10
506 477 10
506 478 10
506 483 10
506 485 10
506 493 10
506 494 10
506 495 10
506 496 10
506 497 10
506 498 10
506 499 10
506 500 10
506 501 10
506 502 10
506 506 10
506 507 10
506 508 10
506 509 10
506 511 10
506 513 10
506 514 10
506 515 10
506 517 10
506 518 10
506 519 10
506 521 10
506 523 10
506 524 10
506 525 10
506 526 10
506 528 10
506 529 10
506 530 10
506 532 10
506 534 10
506 537 10
506 540 10
506 550 10
506 552 10
506 555 10
506 557 10
506 559 10
506 560 10
506 561 10
506 562 10
506 563 10
506 573 10
506 576 10
506 580 10
507 418 10
507 423 10
507 424 10
507 426 10
507 428 10
507 435 10
507 440 10
507 442 10
507 444 10
507 447 10
507 454 10
507 455 10
507 456 10
507 461 10
507 463 10
507 466 10
507 468 10
507 483 10
507 484 10
507 486 10
507 487 10
507 489 10
507 493 10
507 495 10
507 496 10
507 497 10
507 498 10
507 499 10
507 503 10
507 507 10
507 508 10
507 509 10
507 510 10
507 513 10
507 514 10
507 515 10
507 516 10
507 517 10
507 518 10
507 519 10
507 520 10
507 521 10
507 522 10
507 523 10
507 524 10
507 525 10
507 527 10
507 530 10
507 534 10
507 535 10
507 538 10
507 539 10
507 544 10
507 547 10
507 548 10
507 549 10
507 555 10
507 556 10
507 558 10
507 559 10
507 561 10
507 562 10
507 563 10
507 568 10
507 569 10
507 581 10
507 583 10
508 417 10
508 420 10
508 422 10
508 423 10
508 426 10
508 429 10
508 430 10
508 431 10
508 432 10
508 435 10
508 438 10
508 441 10
508 442 10
508 444 10
508 447 10
508 450 10
508 456 10
508 459 10
508 461 10
508 469 10
508 476 10
508 478 10
508 481 10
508 486 10
508 495 10
508 496 10
508 497 10
508 498 10
508 501 10
508 502 10
508 503 10
508 504 10
508 506 10
508 507 10
508 508 10
508 509 10
508 510 10
508 512 10
508 513 10
508 515 10
508 517 10
508 518 10
508 519 10
508 520 10
508 521 10
508 522 10
508 523 10
508 525 10
508 526 10
508 527 10
508 528 10
508 530 10
508 531 10
508 532 10
508 536 10
508 538 10
508 539 10
508 553 10
508 554 10
508 556 10
508 557 10
508 558 10
508 561 10
508 562 10
508 563 10
508 566 10
508 567 10
508 569 10
508 570 10
508 574 10
508 576 10
508 581 10
508 584 10
509 422 10
509 423 10
509 425 10
509 428 10
509 430 10
509 437 10
509 453 10
509 454 10
509 455 10
509 456 10
509 458 10
509 463 10
509 469 10
509 485 10
509 491 10
509 492 10
509 493 10
509 494 10
509 496 10
509 497 10
509 504 10
509 506 10
509 507 10
509 508 10
509 509 10
509 510 10
509 511 10
509 513 10
509 514 10
509 515 10
509 516 10
509 517 10
509 518 10
509 519 10
509 520 10
509 521 10
509 522 10
509 523 10
509 525 10
509 528 10
509 530 10
509 532 10
509 536 10
509 537 10
509 538 10
509 539 10
509 540 10
509 549 10
509 551 10
509 552 10
509 554 10
509 556 10
509 557 10
509 559 10
509 561 10
509 562 10
509 564 10
509 565 10
509 568 10
509 569 10
509 570 10
509 572 10
509 580 10
509 584 10
510 420 10
510 424 10
510 428 10
510 430 10
510 431 10
510 432 10
510 436 10
510 439 10
510 441 10
510 442 10
510 444 10
510 447 10
510 455 10
510 456 10
510 457 10
510 458 10
510 459 10
510 477 10
510 481 10
510 489 10
510 494 10
510 500 10
510 501 10
510 502 10
510 504 10
510 506 10
510 507 10
510 508 10
510 509 10
510 510 10
510 511 10
510 512 10
510 513 10
510 514 10
510 515 10
510 516 10
510 517 10
510 518 10
510 519 10
510 520 10
510 521 10
510 522 10
510 524 10
510 525 10
510 528 10
510 529 10
510 530 10
510 538 10
510 539 10
510 540 10
510 547 10
510 549 10
510 556 10
510 560 10
510 561 10
510 562 10
510 564 10
510 566 10
510 567 10
510 574 10
510 576 10
510 587 10
511 424 10
511 429 10
511 432 10
511 433 10
511 436 10
511 439 10
511 441 10
511 442 10
511 445 10
511 449 10
511 452 10
511 453 10
511 455 10
511 458 10
511 460 10
511 466 10
511 483 10
511 491 10
511 492 10
511 493 10
511 494 10
511 501 10
511 502 10
511 504 10
511 505 10
511 507 10
511 508 10
511 509 10
511 510 10
511 513 10
511 514 10
511 515 10
511 517 10
511 519 10
511 522 10
511 524 10
511 525 10
511 526 10
511 527 10
511 528 10
511 529 10
511 537 10
511 540 10
511 551 10
511 552 10
511 554 10
511 556 10
511 559 10
511 562 10
511 563 10
511 564 10
511 567 10
511 568 10
511 578 10
511 579 10
511 580 10
511 582 10
512 430 10
512 432 10
512 436 10
512 440 10
512 442 10
512 444 10
512 445 10
512 447 10
512 453 10
512 455 10
512 456 10
512 459 10
512 460 10
512 461 10
512 462 10
512 463 10
512 464 10
512 466 10
512 477 10
512 494 10
512 500 10
512 502 10
512 504 10
512 505 10
512 506 10
512 507 10
512 509 10
512 510 10
512 511 10
512 512 10
512 513 10
512 514 10
512 515 10
512 517 10
512 518 10
512 519 10
512 520 10
512 522 10
512 523 10
512 524 10
512 525 10
512 526 10
512 527 10
512 528 10
512 529 10
512 530 10
512 531 10
512 536 10
512 537 10
512 538 10
512 539 10
512 540 10
512 549 10
512 558 10
512 559 10
512 561 10
512 562 10
512 564 10
512 566 10
512 571 10
513 433 10
513 439 10
513 442 10
513 445 10
513 453 10
513 454 10
513 460 10
513 462 10
513 464 10
513 467 10
513 475 10
513 476 10
513 479 10
513 484 10
513 492 10
513 501 10
513 503 10
513 504 10
513 506 10
513 508 10
513 510 10
513 512 10
513 513 100000
513 517 10
513 518 10
513 521 10
513 522 10
513 523 10
513 525 10
513 527 10
513 528 10
513 532 10
513 533 10
513 534 10
513 535 10
513 537 10
513 549 10
513 550 10
513 557 10
513 560 10
513 562 10
513 565 10
513 573 10
513 575 10
513 577 10
513 579 10
513 587 10
514 425 10
514 441 10
514 442 10
514 443 10
514 444 10
514 447 10
514 459 10
514 460 10
514 461 10
514 463 10
514 466 10
514 467 10
514 470 10
514 483 10
514 485 10
514 489 10
514 491 10
514 493 10
514 501 10
514 502 10
514 504 10
514 505 10
514 506 10
514 508 10
514 509 10
514 511 10
514 513 10
514 514 10
514 515 10
514 516 10
514 518 10
514 520 10
514 521 10
514 522 10
514 523 10
514 524 10
514 526 10
514 527 10
514 528 10
514 529 10
514 530 10
514 531 10
514 534 10
514 536 10
514 538 10
514 551 10
514 555 10
514 559 10
514 561 10
514 562 10
514 565 10
514 568 10
514 575 10
514 578 10
514 585 10
515 425 10
515 428 10
515 437 10
515 440 10
515 444 10
515 445 10
515 453 10
515 455 10
515 457 10
515 465 10
515 479 10
515 480 10
515 493 10
515 503 10
515 504 10
515 507 10
515 511 10
515 512 10
515 514 10
515 519 10
515 520 10
515 529 10
515 532 10
515 534 10
515 538 10
515 540 10
515 543 10
515 549 10
515 552 10
515 559 10
515 561 10
515 565 10
515 567 10
515 568 10
515 578 10
516 428 10
516 431 10
516 439 10
516 452 10
516 453 10
516 466 10
516 473 10
516 481 10
516 482 10
516 484 10
516 486 10
516 495 10
516 502 10
516 504 10
516 505 10
516 506 10
516 509 10
516 514 10
516 515 10
516 516 10
516 520 10
516 521 10
516 525 10
516 528 10
516 531 10
516 535 10
516 537 10
516 540 10
516 541 10
516 542 10
516 550 10
516 565 10
516 577 10
517 425 10
517 427 10
517 428 10
517 429 10
517 430 10
517 431 10
517 432 10
517 435 10
517 440 10
517 441 10
517 442 10
517 448 10
517 455 10
517 457 10
517 469 10
517 470 10
517 471 10
517 473 10
517 475 10
517 478 10
517 479 10
517 481 10
517 483 10
517 505 10
517 508 10
517 509 10
517 510 10
517 511 10
517 512 10
517 515 10
517 517 10
517 537 10
517 543 10
517 546 10
517 547 10
517 574 10
517 576 10
518 427 10
518 429 10
518 430 10
518 431 10
518 432 10
518 433 10
518 434 10
518 436 10
518 439 10
518 442 10
518 444 10
518 449 10
518 451 10
518 452 10
518 456 10
518 457 10
518 458 10
518 460 10
518 464 10
518 465 10
518 466 10
518 467 10
518 469 10
518 475 10
518 476 10
518 477 10
518 478 10
518 479 10
518 480 10
518 500 10
518 504 10
518 507 10
518 508 10
518 522 10
518 524 10
518 528 10
518 534 10
518 536 10
518 537 10
518 539 10
518 540 10
518 545 10
518 562 10
518 565 10
518 575 10
518 576 10
518 577 10
518 581 10
519 424 10
519 426 10
519 428 10
519 432 10
519 433 10
519 434 10
519 435 10
519 437 10
519 438 10
519 444 10
519 446 10
519 447 10
519 450 10
519 452 10
519 455 10
519 456 10
519 458 10
519 463 10
519 465 10
519 467 10
519 470 10
519 471 10
519 472 10
519 474 10
519 488 10
519 501 10
519 502 10
519 503 10
519 509 10
519 511 10
519 513 10
519 514 10
519 517 10
519 522 10
519 523 10
519 526 10
519 536 10
519 541 10
519 543 10
519 566 10
519 572 10
519 576 10
519 579 10
519 581 10
520 430 10
520 431 10
520 432 10
520 435 10
520 437 10
520 438 10
520 442 10
520 443 10
520 444 10
520 446 10
520 448 10
520 449 10
520 450 10
520 452 10
520 456 10
520 457 10
520 458 10
520 462 10
520 463 10
520 467 10
520 469 10
520 470 10
520 471 10
520 473 10
520 474 10
520 476 10
520 479 10
520 482 10
520 504 10
520 506 10
520 508 10
520 511 10
520 512 10
520 514 10
520 522 10
520 524 10
520 526 10
520 527 10
520 529 10
520 531 10
520 534 10
520 535 10
520 536 10
520 538 10
520 539 10
520 541 10
520 542 10
520 557 10
520 562 10
520 563 10
520 564 10
520 570 10
520 573 10
520 575 10
520 576 10
520 579 10
520 580 10
521 426 10
521 436 10
521 437 10
521 438 10
521 439 10
521 440 10
521 442 10
521 443 10
521 444 10
521 445 10
521 450 10
521 454 10
521 456 10
521 461 10
521 465 10
521 467 10
521 468 10
521 469 10
521 470 10
521 474 10
521 475 10
521 482 10
521 484 10
521 486 10
521 487 10
521 493 10
521 495 10
521 502 10
521 503 10
521 504 10
521 505 10
521 506 10
521 510 10
521 513 10
521 520 10
521 521 10
521 522 10
521 525 10
521 534 10
521 535 10
521 538 10
521 540 10
521 559 10
521 560 10
521 562 10
521 563 10
521 565 10
521 566 10
521 570 10
521 571 10
521 572 10
521 575 10
521 577 10
521 578 10
521 579 10
522 427 10
522 428 10
522 435 10
522 436 10
522 437 10
522 439 10
522 441 10
522 442 10
522 443 10
522 444 10
522 445 10
522 452 10
522 456 10
522 463 10
522 465 10
522 466 10
522 467 10
522 468 10
522 471 10
522 473 10
522 483 10
522 485 10
522 486 10
522 487 10
522 495 10
522 505 10
522 506 10
522 511 10
522 526 10
522 528 10
522 531 10
522 538 10
522 540 10
522 542 10
522 546 10
522 563 10
522 565 10
522 570 10
522 571 10
522 572 10
522 573 10
522 574 10
522 577 10
522 581 10
523 434 10
523 439 10
523 444 10
523 451 10
523 457 10
523 461 10
523 462 10
523 463 10
523 464 10
523 465 10
523 466 10
523 468 10
523 469 10
523 472 10
523 473 10
523 477 10
523 481 10
523 482 10
523 483 10
523 484 10
523 488 10
523 489 10
523 490 10
523 494 10
523 503 10
523 504 10
523 510 10
523 512 10
523 518 10
523 519 10
523 520 10
523 525 10
523 529 10
523 535 10
523 536 10
523 538 10
523 539 10
523 548 10
523 558 10
523 560 10
523 565 10
523 567 10
523 570 10
523 572 10
524 439 10
524 441 10
524 444 10
524 449 10
524 451 10
524 452 10
524 454 10
524 456 10
524 463 10
524 464 10
524 465 10
524 467 10
524 468 10
524 470 10
524 476 10
524 486 10
524 487 10
524 488 10
524 490 10
524 491 10
524 495 10
524 496 10
524 504 10
524 509 10
524 518 10
524 520 10
524 526 10
524 532 10
524 537 10
524 562 10
524 563 10
524 564 10
524 570 10
524 571 10
524 573 10
524 577 10
524 578 10
525 423 10
525 425 10
525 439 10
525 440 10
525 441 10
525 447 10
525 456 10
525 457 10
525 462 10
525 464 10
525 466 10
525 470 10
525 477 10
525 486 10
525 487 10
525 488 10
525 490 10
525 493 10
525 498 10
525 503 10
525 505 10
525 510 10
525 512 10
525 516 10
525 518 10
525 519 10
525 521 10
525 525 10
525 527 10
525 528 10
525 529 10
525 530 10
525 534 10
525 537 10
525 561 10
525 565 10
525 566 10
525 569 10
525 570 10
525 571 10
525 577 10
526 433 10
526 434 10
526 438 10
526 439 10
526 445 10
526 447 10
526 452 10
526 456 10
526 458 10
526 459 10
526 462 10
526 463 10
526 467 10
526 476 10
526 477 10
526 484 10
526 490 10
526 491 10
526 493 10
526 496 10
526 497 10
526 518 10
526 525 10
526 526 10
526 527 10
526 530 10
526 532 10
526 534 10
526 536 10
526 538 10
526 539 10
526 543 10
526 552 10
526 553 10
526 554 10
526 561 10
526 564 10
526 567 10
526 570 10
526 573 10
526 575 10
527 429 10
527 443 10
527 449 10
527 451 10
527 455 10
527 457 10
527 458 10
527 459 10
527 467 10
527 470 10
527 476 10
527 478 10
527 481 10
527 486 10
527 495 10
527 496 10
527 504 10
527 505 10
527 520 10
527 521 10
527 524 10
527 526 10
527 527 10
527 530 10
527 535 10
527 536 10
527 538 10
527 539 10
527 540 10
527 542 10
527 545 10
527 551 10
527 552 10
527 553 10
527 554 10
527 560 10
527 566 10
527 567 10
527 569 10
527 575 10
527 576 10
527 577 10
528 426 10
528 441 10
528 449 10
528 450 10
528 451 10
528 455 10
528 457 10
528 458 10
528 460 10
528 462 10
528 464 10
528 465 10
528 470 10
528 476 10
528 477 10
528 480 10
528 487 10
528 488 10
528 489 10
528 490 10
528 491 10
528 493 10
528 496 10
528 497 10
528 498 10
528 499 10
528 512 10
528 520 10
528 521 10
528 524 10
528 525 10
528 526 10
528 528 10
528 529 10
528 531 10
528 536 10
528 541 10
528 543 10
528 545 10
528 546 10
528 548 10
528 553 10
528 554 10
528 562 10
528 567 10
528 569 10
528 571 10
528 576 10
529 415 10
529 437 10
529 443 10
529 445 10
529 446 10
529 447 10
529 457 10
529 458 10
529 459 10
529 461 10
529 466 10
529 469 10
529 472 10
529 474 10
529 475 10
529 476 10
529 479 10
529 481 10
529 482 10
529 483 10
529 486 10
529 488 10
529 489 10
529 492 10
529 493 10
529 494 10
529 495 10
529 507 10
529 511 10
529 512 10
529 524 10
529 526 10
529 527 10
529 529 10
529 535 10
529 539 10
529 540 10
529 541 10
529 542 10
529 543 10
529 553 10
529 568 10
529 569 10
529 575 10
530 416 10
530 417 10
530 418 10
530 420 10
530 437 10
530 448 10
530 451 10
530 452 10
530 454 10
530 455 10
530 456 10
530 459 10
530 460 10
530 461 10
530 462 10
530 463 10
530 465 10
530 469 10
530 471 10
530 472 10
530 473 10
530 480 10
530 481 10
530 483 10
530 491 10
530 492 10
530 493 10
530 495 10
530 504 10
530 513 10
530 523 10
530 526 10
530 527 10
530 537 10
530 538 10
530 539 10
530 542 10
530 543 10
530 544 10
530 545 10
530 547 10
530 548 10
530 550 10
530 551 10
530 553 10
530 554 10
530 572 10
530 574 10
531 418 10
531 430 10
531 436 10
531 446 10
531 447 10
531 448 10
531 451 10
531 452 10
531 453 10
531 454 10
531 459 10
531 464 10
531 471 10
531 474 10
531 477 10
531 478 10
531 480 10
531 481 10
531 483 10
531 484 10
531 486 10
531 489 10
531 490 10
531 491 10
531 492 10
531 493 10
531 494 10
531 495 10
531 496 10
531 498 10
531 516 10
531 523 10
531 530 10
531 531 10
531 535 10
531 540 10
531 541 10
531 542 10
531 543 10
531 544 10
531 548 10
531 550 10
531 551 10
531 554 10
532 429 10
532 451 10
532 455 10
532 456 10
532 457 10
532 459 10
532 460 10
532 463 10
532 470 10
532 473 10
532 476 10
532 479 10
532 483 10
532 484 10
532 488 10
532 492 10
532 493 10
532 494 10
532 515 10
532 518 10
532 525 10
532 535 10
532 537 10
532 538 10
532 540 10
532 542 10
532 543 10
532 544 10
532 546 10
532 549 10
532 550 10
532 551 10
532 552 10
532 555 10
532 556 10
532 579 10
533 427 10
533 442 10
533 448 10
533 450 10
533 451 10
533 453 10
533 457 10
533 471 10
533 477 10
533 482 10
533 483 10
533 484 10
533 485 10
533 490 10
533 491 10
533 505 10
533 525 10
533 527 10
533 532 10
533 541 10
533 542 10
533 543 10
533 545 10
533 547 10
533 548 10
533 560 10
533 576 10
534 420 10
534 442 10
534 447 10
534 454 10
534 456 10
534 460 10
534 476 10
534 480 10
534 490 10
534 491 10
534 492 10
534 495 10
534 497 10
534 508 10
534 510 10
534 533 10
534 534 10
534 536 10
534 537 10
534 539 10
534 540 10
534 542 10
534 544 10
534 545 10
534 546 10
534 547 10
534 548 10
534 552 10
535 439 10
535 440 10
535 446 10
535 448 10
535 450 10
535 454 10
535 456 10
535 479 10
535 483 10
535 492 10
535 493 10
535 494 10
535 496 10
535 498 10
535 508 10
535 510 10
535 525 10
535 527 10
535 532 10
535 534 10
535 537 10
535 539 10
535 541 10
535 542 10
535 545 10
535 547 10
535 549 10
535 560 10
535 577 10
536 447 10
536 448 10
536 449 10
536 450 10
536 451 10
536 456 10
536 458 10
536 481 10
536 485 10
536 486 10
536 487 10
536 488 10
536 490 10
536 492 10
536 494 10
536 495 10
536 510 10
536 513 10
536 526 10
536 527 10
536 530 10
536 532 10
536 536 10
536 538 10
536 545 10
536 547 10
536 549 10
536 560 10
537 436 10
537 437 10
537 438 10
537 439 10
537 447 10
537 450 10
537 456 10
537 474 10
537 479 10
537 481 10
537 482 10
537 483 10
537 484 10
537 486 10
537 488 10
537 489 10
537 491 10
537 492 10
537 494 10
537 495 10
537 525 10
537 528 10
537 532 10
537 533 10
537 534 10
537 537 10
537 542 10
537 544 10
537 559 10
537 562 10
537 576 10
537 577 10
538 432 10
538 435 10
538 440 10
538 442 10
538 446 10
538 447 10
538 448 10
538 452 10
538 456 10
538 481 10
538 483 10
538 486 10
538 492 10
538 496 10
538 497 10
538 499 10
538 505 10
538 509 10
538 522 10
538 527 10
538 528 10
538 529 10
538 530 10
538 537 10
538 556 10
538 559 10
538 561 10
538 562 10
539 422 10
539 433 10
539 438 10
539 442 10
539 444 10
539 450 10
539 451 10
539 456 10
539 486 10
539 489 10
539 490 10
539 491 10
539 492 10
539 495 10
539 497 10
539 499 10
539 501 10
539 502 10
539 504 10
539 509 10
539 517 10
539 521 10
539 524 10
539 525 10
539 526 10
539 527 10
539 530 10
539 536 10
539 537 10
539 540 10
539 541 10
539 543 10
539 544 10
539 545 10
539 558 10
539 559 10
539 561 10
540 420 10
540 422 10
540 432 10
540 441 10
540 442 10
540 443 10
540 452 10
540 457 10
540 480 10
540 489 10
540 490 10
540 491 10
540 493 10
540 494 10
540 497 10
540 499 10
540 501 10
540 505 10
540 506 10
540 507 10
540 510 10
540 511 10
540 519 10
540 522 10
540 523 10
540 525 10
540 526 10
540 527 10
540 528 10
540 529 10
540 531 10
540 533 10
540 537 10
540 545 10
540 553 10
540 554 10
540 556 10
540 558 10
540 559 10
540 560 10
540 562 10
541 422 10
541 426 10
541 433 10
541 440 10
541 442 10
541 444 10
541 448 10
541 449 10
541 451 10
541 453 10
541 491 10
541 493 10
541 495 10
541 497 10
541 498 10
541 502 10
541 504 10
541 505 10
541 509 10
541 510 10
541 517 10
541 519 10
541 521 10
541 523 10
541 524 10
541 525 10
541 526 10
541 527 10
541 528 10
541 529 10
541 530 10
541 531 10
541 532 10
541 533 10
541 534 10
541 536 10
541 538 10
541 539 10
541 546 10
541 553 10
541 555 10
541 561 10
541 563 10
542 422 10
542 424 10
542 425 10
542 431 10
542 433 10
542 440 10
542 443 10
542 444 10
542 446 10
542 447 10
542 450 10
542 451 10
542 455 10
542 460 10
542 483 10
542 490 10
542 497 10
542 499 10
542 501 10
542 503 10
542 506 10
542 507 10
542 519 10
542 521 10
542 522 10
542 523 10
542 525 10
542 527 10
542 529 10
542 530 10
542 531 10
542 532 10
542 536 10
542 537 10
542 539 10
542 556 10
542 557 10
542 561 10
542 575 10
542 579 10
542 582 10
543 424 10
543 427 10
543 432 10
543 445 10
543 452 10
543 455 10
543 459 10
543 495 10
543 496 10
543 498 10
543 499 10
543 505 10
543 507 10
543 522 10
543 523 10
543 524 10
543 526 10
543 531 10
543 533 10
543 540 10
543 541 10
543 542 10
543 556 10
543 562 10
543 564 10
543 584 10
544 434 10
544 435 10
544 446 10
544 447 10
544 452 10
544 455 10
544 478 10
544 481 10
544 485 10
544 488 10
544 496 10
544 497 10
544 499 10
544 500 10
544 501 10
544 505 10
544 506 10
544 507 10
544 510 10
544 513 10
544 517 10
544 519 10
544 521 10
544 522 10
544 524 10
544 525 10
544 530 10
544 531 10
544 533 10
544 534 10
544 536 10
544 537 10
544 538 10
544 539 10
544 542 10
544 543 10
544 551 10
544 554 10
544 555 10
544 572 10
544 573 10
544 577 10
544 578 10
544 583 10
545 432 10
545 445 10
545 456 10
545 462 10
545 464 10
545 476 10
545 478 10
545 480 10
545 491 10
545 499 10
545 502 10
545 505 10
545 507 10
545 508 10
545 511 10
545 513 10
545 517 10
545 525 10
545 526 10
545 528 10
545 529 10
545 530 10
545 531 10
545 532 10
545 534 10
545 535 10
545 537 10
545 542 10
545 553 10
545 561 10
545 574 10
546 450 10
546 454 10
546 459 10
546 460 10
546 465 10
546 468 10
546 488 10
546 489 10
546 496 10
546 501 10
546 502 10
546 503 10
546 504 10
546 505 10
546 511 10
546 512 10
546 514 10
546 524 10
546 525 10
546 529 10
546 531 10
546 533 10
546 534 10
546 536 10
546 537 10
546 539 10
546 550 10
546 552 10
546 559 10
546 562 10
546 578 10
546 580 10
547 430 10
547 455 10
547 457 10
547 458 10
547 460 10
547 461 10
547 462 10
547 463 10
547 483 10
547 487 10
547 489 10
547 490 10
547 496 10
547 497 10
547 498 10
547 500 10
547 504 10
547 509 10
547 511 10
547 512 10
547 530 10
547 531 10
547 533 10
547 534 10
547 535 10
547 536 10
547 539 10
547 541 10
547 546 10
547 550 10
547 552 10
547 557 10
547 558 10
547 559 10
547 560 10
547 561 10
547 568 10
547 571 10
547 574 10
547 575 10
547 576 10
547 578 10
547 579 10
547 581 10
548 431 10
548 455 10
548 457 10
548 458 10
548 459 10
548 460 10
548 465 10
548 482 10
548 485 10
548 486 10
548 490 10
548 498 10
548 500 10
548 504 10
548 506 10
548 507 10
548 510 10
548 515 10
548 516 10
548 517 10
548 520 10
548 524 10
548 525 10
548 526 10
548 532 10
548 533 10
548 534 10
548 535 10
548 536 10
548 538 10
548 542 10
548 545 10
548 555 10
548 557 10
548 568 10
548 574 10
548 576 10
548 577 10
549 429 10
549 455 10
549 457 10
549 458 10
549 459 10
549 460 10
549 461 10
549 462 10
549 463 10
549 465 10
549 484 10
549 487 10
549 488 10
549 493 10
549 499 10
549 501 10
549 502 10
549 503 10
549 504 10
549 505 10
549 506 10
549 507 10
549 511 10
549 515 10
549 517 10
549 521 10
549 529 10
549 531 10
549 534 10
549 537 10
549 538 10
549 540 10
549 546 10
549 551 10
549 553 10
549 555 10
549 557 10
549 563 10
549 572 10
549 573 10
549 575 10
549 576 10
549 577 10
549 580 10
550 456 10
550 459 10
550 460 10
550 461 10
550 462 10
550 463 10
550 493 10
550 498 10
550 499 10
550 501 10
550 502 10
550 503 10
550 505 10
550 506 10
550 507 10
550 517 10
550 518 10
550 519 10
550 522 10
550 524 10
550 529 10
550 533 10
550 535 10
550 536 10
550 539 10
550 544 10
550 546 10
550 555 10
550 557 10
550 559 10
550 566 10
550 571 10
550 573 10
550 575 10
550 576 10
550 577 10
551 455 10
551 457 10
551 458 10
551 459 10
551 460 10
551 461 10
551 484 10
551 489 10
551 491 10
551 493 10
551 496 10
551 498 10
551 499 10
551 500 10
551 503 10
551 505 10
551 507 10
551 508 10
551 509 10
551 519 10
551 521 10
551 524 10
551 525 10
551 527 10
551 529 10
551 530 10
551 533 10
551 541 10
551 543 10
551 545 10
551 547 10
551 552 10
551 553 10
551 554 10
551 561 10
551 564 10
551 566 10
551 567 10
551 568 10
551 569 10
551 570 10
551 575 10
551 577 10
552 453 10
552 455 10
552 457 10
552 459 10
552 460 10
552 484 10
552 486 10
552 488 10
552 492 10
552 496 10
552 498 10
552 499 10
552 501 10
552 503 10
552 504 10
552 505 10
552 509 10
552 511 10
552 516 10
552 526 10
552 527 10
552 530 10
552 531 10
552 532 10
552 533 10
552 534 10
552 538 10
552 539 10
552 540 10
552 544 10
552 554 10
552 562 10
552 567 10
552 568 10
552 571 10
552 573 10
552 575 10
553 454 10
553 455 10
553 458 10
553 459 10
553 460 10
553 485 10
553 487 10
553 492 10
553 493 10
553 498 10
553 503 10
553 504 10
553 506 10
553 507 10
553 513 10
553 514 10
553 518 10
553 521 10
553 524 10
553 525 10
553 527 10
553 528 10
553 529 10
553 530 10
553 532 10
553 533 10
553 535 10
553 536 10
553 537 10
553 540 10
553 543 10
553 545 10
553 547 10
553 552 10
553 553 10
553 556 10
553 560 10
553 567 10
553 568 10
553 569 10
553 570 10
553 571 10
553 573 10
553 574 10
553 576 10
554 459 10
554 460 10
554 485 10
554 486 10
554 490 10
554 498 10
554 500 10
554 501 10
554 502 10
554 505 10
554 506 10
554 507 10
554 508 10
554 509 10
554 523 10
554 524 10
554 525 10
554 527 10
554 528 10
554 529 10
554 534 10
554 536 10
554 540 10
554 544 10
554 545 10
554 555 10
554 561 10
554 565 10
554 567 10
554 570 10
554 571 10
554 572 10
554 573 10
555 475 10
555 491 10
555 494 10
555 497 10
555 501 10
555 503 10
555 507 10
555 508 10
555 509 10
555 510 10
555 514 10
555 517 10
555 520 10
555 526 10
555 527 10
555 529 10
555 530 10
555 532 10
555 533 10
555 548 10
555 555 10
555 560 10
555 561 10
555 568 10
555 569 10
555 570 10
555 571 10
556 474 10
556 476 10
556 480 10
556 490 10
556 492 10
556 494 10
556 497 10
556 499 10
556 500 10
556 504 10
556 507 10
556 509 10
556 515 10
556 519 10
556 523 10
556 526 10
556 528 10
556 531 10
556 536 10
556 542 10
556 561 10
556 562 10
556 564 10
556 566 10
556 567 10
556 568 10
556 572 10
557 475 10
557 476 10
557 478 10
557 490 10
557 497 10
557 498 10
557 500 10
557 503 10
557 506 10
557 507 10
557 509 10
557 513 10
557 515 10
557 517 10
557 527 10
557 529 10
557 530 10
557 531 10
557 532 10
557 533 10
557 535 10
557 542 10
557 543 10
557 563 10
557 565 10
557 566 10
557 570 10
558 475 10
558 476 10
558 478 10
558 486 10
558 491 10
558 507 10
558 529 10
558 530 10
558 532 10
558 533 10
558 558 10
558 562 10
558 566 10
558 569 10
559 516 10
559 527 10
559 529 10
559 530 10
559 532 10
559 559 10
559 562 10
559 564 10
559 566 10
559 567 10
559 568 10
560 476 10
560 486 10
560 488 10
560 524 10
560 525 10
560 528 10
560 529 10
560 530 10
560 531 10
560 560 10
560 561 10
560 562 10
560 563 10
560 565 10
560 570 10
561 473 10
561 481 10
561 491 10
561 520 10
561 524 10
561 525 10
561 527 10
561 528 10
561 564 10
561 566 10
561 568 10
561 569 10
562 489 10
562 518 10
562 522 10
562 524 10
562 525 10
562 526 10
562 527 10
562 568 10
562 570 10
562 571 10
562 572 10
562 574 10
563 486 10
563 488 10
563 490 10
563 491 10
563 522 10
563 524 10
563 529 10
564 451 10
564 454 10
564 464 10
564 478 10
564 484 10
564 488 10
564 490 10
564 491 10
564 494 10
564 522 10
564 526 10
564 570 10
565 458 10
565 462 10
565 476 10
565 480 10
565 484 10
565 485 10
565 486 10
565 487 10
565 488 10
565 489 10
565 492 10
565 494 10
565 528 10
566 464 10
566 473 10
566 478 10
566 485 10
566 486 10
566 487 10
566 489 10
566 491 10
566 493 10
566 519 10
566 521 10
566 523 10
566 526 10
566 527 10
566 529 10
566 530 10
566 531 10
567 475 10
567 476 10
567 480 10
567 483 10
567 485 10
567 488 10
567 489 10
567 492 10
567 493 10
567 494 10
567 495 10
567 518 10
567 521 10
568 467 10
568 469 10
568 471 10
568 473 10
568 476 10
568 478 10
568 483 10
568 485 10
568 486 10
568 488 10
568 491 10
568 493 10
568 495 10
568 518 10
568 520 10
568 521 10
568 523 10
568 524 10
568 526 10
568 527 10
568 530 10
569 455 10
569 456 10
569 457 10
569 471 10
569 475 10
569 477 10
569 479 10
569 480 10
569 482 10
569 483 10
569 485 10
569 487 10
569 488 10
569 490 10
569 493 10
569 494 10
569 496 10
569 501 10
569 520 10
569 521 10
569 522 10
569 525 10
569 532 10
570 467 10
570 473 10
570 477 10
570 480 10
570 482 10
570 484 10
570 487 10
570 488 10
570 491 10
570 492 10
570 493 10
570 494 10
570 497 10
570 521 10
571 475 10
571 477 10
571 478 10
571 479 10
571 480 10
571 481 10
571 484 10
571 485 10
571 490 10
571 492 10
571 493 10
571 495 10
571 497 10
571 517 10
571 523 10
571 525 10
572 462 10
572 463 10
572 476 10
572 479 10
572 484 10
572 491 10
572 494 10
572 521 10
572 523 10
572 526 10
573 463 10
573 464 10
573 465 10
573 469 10
573 472 10
573 478 10
573 480 10
573 483 10
573 495 10
573 496 10
573 518 10
573 519 10
573 520 10
573 523 10
573 524 10
574 461 10
574 462 10
574 466 10
574 468 10
574 470 10
574 472 10
574 474 10
574 476 10
574 478 10
574 483 10
574 484 10
574 494 10
574 496 10
574 514 10
574 522 10
575 461 10
575 466 10
575 468 10
575 472 10
575 475 10
575 476 10
575 477 10
575 479 10
575 480 10
575 481 10
575 494 10
575 495 10
575 496 10
575 514 10
575 515 10
575 517 10
575 518 10
575 519 10
575 521 10
575 522 10
575 527 10
576 460 10
576 461 10
576 462 10
576 463 10
576 464 10
576 465 10
576 472 10
576 476 10
576 477 10
576 478 10
576 483 10
576 489 10
576 491 10
576 515 10
576 516 10
576 521 10
577 472 10
577 475 10
577 479 10
577 491 10
577 496 10
577 498 10
577 520 10
577 521 10
577 522 10
577 523 10
577 526 10
577 528 10
578 473 10
578 474 10
578 475 10
578 478 10
578 479 10
578 481 10
578 488 10
578 489 10
578 491 10
578 492 10
578 496 10
578 499 10
578 517 10
578 518 10
578 520 10
578 521 10
578 524 10
579 473 10
579 477 10
579 479 10
579 481 10
579 488 10
579 489 10
579 490 10
579 493 10
579 496 10
579 524 10
579 526 10
580 471 10
580 476 10
580 477 10
580 478 10
580 479 10
580 480 10
580 481 10
580 483 10
580 485 10
580 487 10
580 491 10
580 496 10
580 500 10
580 519 10
580 520 10
580 522 10
580 524 10
580 525 10
581 472 10
581 473 10
581 474 10
581 489 10
581 494 10
581 522 10
581 523 10
582 469 10
582 471 10
582 473 10
582 474 10
582 475 10
582 476 10
582 522 10
582 523 10
582 524 10
582 528 10
582 529 10
583 472 10
583 474 10
583 488 10
583 490 10
583 492 10
583 511 10
583 522 10
583 524 10
584 476 10
584 491 10
584 492 10
584 524 10
585 472 10
585 473 10
585 474 10
585 475 10
585 485 10
585 486 10
585 487 10
586 473 10
586 475 10
586 485 10
586 487 10
586 488 10
586 489 10
587 483 10
587 484 10
587 488 10
588 487 10
588 492 10
588 493 10
588 494 10
589 490 10
590 487 10
591 487 10
592 480 10
593 487 10
593 488 10
594 487 10
594 490 10
595 475 10
595 476 10
595 486 10
595 488 10
596 474 10
596 478 10
596 480 10
596 490 10
599 487 10
599 489 10
