1024
493 519 10
494 515 10
495 518 10
496 512 10
496 513 10
496 518 10
497 506 10
497 508 10
497 517 10
497 520 10
497 521 10
497 522 10
498 498 10
498 500 10
498 508 10
498 510 10
498 517 10
499 500 10
499 506 10
499 507 10
499 508 10
499 509 10
499 512 10
499 521 10
499 523 10
499 524 10
500 508 10
500 518 10
501 497 10
501 506 10
501 514 10
501 517 10
501 521 10
501 522 10
501 524 10
501 525 10
502 498 10
502 506 10
502 508 10
502 511 10
502 512 10
502 515 10
502 523 10
503 498 10
503 500 10
503 501 10
503 503 10
503 507 10
503 508 10
503 509 10
503 511 10
503 520 10
504 494 10
504 495 10
504 497 10
504 498 10
504 501 10
504 502 10
504 505 10
504 506 10
504 507 10
504 509 10
504 512 10
504 521 10
505 499 10
505 501 10
505 504 10
505 505 10
505 507 10
505 509 10
505 510 10
505 511 10
505 512 10
505 515 10
505 516 10
506 495 10
506 496 10
506 497 10
506 499 10
506 500 10
506 501 10
506 502 10
506 504 10
506 507 10
506 509 10
506 510 10
506 511 10
506 512 10
506 513 10
506 519 10
506 522 10
506 523 10
507 497 10
507 505 10
507 506 10
507 507 10
507 509 10
507 512 10
507 513 10
507 514 10
507 515 10
507 516 10
507 518 10
507 520 10
507 522 10
508 496 10
508 497 10
508 498 10
508 499 10
508 500 10
508 505 10
508 506 10
508 507 10
508 508 10
508 509 10
508 510 10
508 511 10
508 512 10
508 515 10
508 518 10
509 493 10
509 497 10
509 498 10
509 499 10
509 501 10
509 504 10
509 506 10
509 508 10
509 509 10
509 510 10
509 511 10
509 512 10
509 513 10
509 514 10
509 516 10
509 517 10
509 520 10
510 498 10
510 501 10
510 505 10
510 506 10
510 507 10
510 509 10
510 510 10
510 511 10
510 513 10
510 522 10
511 502 10
511 503 10
511 505 10
511 508 10
511 509 10
511 510 10
511 511 10
511 512 100000
511 513 10
511 517 10
512 500 10
512 503 10
512 504 10
512 505 10
512 508 10
512 509 10
512 510 10
512 511 10
512 512 10
512 516 10
513 502 10
513 505 10
513 506 10
513 508 10
513 509 10
513 511 10
513 512 100000
513 515 10
513 517 10
514 502 10
514 503 10
514 508 10
514 509 10
514 510 10
514 512 10
514 514 10
514 516 10
514 517 10
515 507 10
515 509 10
515 510 10
516 504 10
516 510 10
517 500 10
517 502 10
517 505 10
517 507 10
517 512 10
518 503 10
518 505 10
518 509 10
519 508 10
519 509 10
519 511 10
521 509 10
