1024
492 520 10
492 523 10
492 524 10
492 527 10
493 525 10
493 529 10
494 522 10
494 523 10
494 527 10
494 529 10
494 535 10
495 524 10
495 529 10
495 533 10
496 523 10
496 525 10
496 526 10
496 527 10
496 530 10
496 531 10
497 525 10
497 530 10
497 535 10
498 526 10
498 531 10
498 537 10
499 491 10
499 519 10
499 524 10
499 525 10
499 531 10
499 533 10
499 535 10
500 529 10
500 531 10
501 489 10
501 519 10
501 528 10
501 529 10
501 530 10
501 531 10
501 532 10
502 523 10
502 524 10
502 532 10
502 533 10
503 477 10
503 489 10
503 491 10
503 509 10
503 526 10
503 530 10
503 532 10
503 534 10
504 476 10
504 487 10
504 489 10
504 492 10
504 522 10
504 524 10
504 525 10
504 526 10
504 527 10
504 528 10
504 529 10
504 530 10
504 535 10
505 475 10
505 488 10
505 505 10
505 506 10
505 507 10
505 508 10
505 509 10
505 511 10
505 521 10
505 523 10
505 524 10
505 526 10
505 528 10
505 533 10
506 488 10
506 498 10
506 507 10
506 510 10
506 511 10
506 512 10
506 513 10
506 515 10
506 519 10
506 527 10
506 534 10
507 501 10
507 505 10
507 508 10
507 509 10
507 510 10
507 511 10
507 512 10
507 520 10
507 522 10
507 523 10
507 525 10
507 529 10
507 537 10
508 481 10
508 488 10
508 489 10
508 495 10
508 506 10
508 507 10
508 510 10
508 511 10
508 512 10
508 514 10
508 516 10
508 517 10
508 518 10
508 522 10
508 523 10
508 529 10
508 537 10
508 538 10
508 539 10
509 490 10
509 495 10
509 497 10
509 500 10
509 501 10
509 504 10
509 505 10
509 508 10
509 511 10
509 512 10
509 513 10
509 518 10
509 523 10
509 524 10
509 526 10
509 528 10
510 485 10
510 490 10
510 493 10
510 495 10
510 497 10
510 499 10
510 503 10
510 505 10
510 506 10
510 508 10
510 509 10
510 510 10
510 512 100000
510 513 10
510 514 10
510 516 10
510 524 10
510 526 10
510 527 10
510 536 10
510 537 10
510 538 10
511 488 10
511 489 10
511 502 10
511 504 10
511 507 10
511 511 10
511 513 10
511 525 10
511 529 10
511 533 10
511 534 10
511 535 10
511 536 10
511 537 10
511 539 10
512 487 10
512 488 10
512 490 10
512 498 10
512 500 10
512 504 10
512 507 10
512 511 10
512 525 10
512 539 10
513 487 10
513 489 10
513 490 10
513 501 10
513 505 10
513 508 10
513 510 10
513 511 10
513 515 10
513 518 10
513 522 10
513 526 10
513 530 10
513 532 10
513 533 10
513 534 10
513 536 10
514 486 10
514 498 10
514 500 10
514 501 10
514 502 10
514 503 10
514 507 10
514 510 10
514 511 10
514 513 10
514 522 10
514 530 10
514 532 10
514 533 10
515 494 10
515 499 10
515 502 10
515 503 10
515 507 10
515 508 10
515 509 10
515 510 10
515 512 10
515 513 10
515 523 10
515 526 10
515 531 10
515 532 10
516 494 10
516 497 10
516 504 10
516 510 10
516 521 10
516 523 10
516 530 10
516 533 10
517 496 10
517 498 10
517 507 10
517 510 10
517 519 10
517 521 10
517 522 10
517 523 10
517 524 10
517 526 10
517 528 10
517 529 10
517 530 10
517 531 10
518 502 10
518 508 10
518 524 10
518 526 10
518 528 10
518 531 10
519 489 10
519 495 10
519 496 10
519 500 10
519 510 10
519 512 10
519 514 10
519 519 10
519 520 10
519 522 10
519 523 10
519 525 10
519 528 10
519 531 10
520 489 10
520 494 10
520 497 10
520 509 10
520 513 10
520 518 10
520 520 10
520 524 10
521 494 10
521 496 10
521 507 10
521 510 10
521 519 10
522 507 10
522 521 10
523 504 10
523 507 10
523 509 10
524 503 10
524 507 10
524 508 10
525 503 10
525 504 10
526 502 10
527 502 10
529 506 10
530 495 10
530 496 10
530 504 10
530 514 10
530 515 10
531 505 10
531 513 10
531 514 10
531 516 10
531 518 10
532 496 10
532 516 10
533 492 10
533 516 10
534 486 10
534 488 10
534 492 10
534 498 10
540 507 10
541 511 10
541 513 10
542 507 10
542 512 10
