1024
481 531 10
483 530 10
483 532 10
483 534 10
483 546 10
484 528 10
484 546 10
485 525 10
485 530 10
485 538 10
486 528 10
486 531 10
486 541 10
486 545 10
487 489 10
487 522 10
487 533 10
487 539 10
487 543 10
487 544 10
488 489 10
488 491 10
488 522 10
488 532 10
488 534 10
488 542 10
488 544 10
488 545 10
489 482 10
489 484 10
489 488 10
489 516 10
489 518 10
489 519 10
489 522 10
489 525 10
490 484 10
490 487 10
490 489 10
490 491 10
490 516 10
490 525 10
490 528 10
490 529 10
490 532 10
490 539 10
490 546 10
491 489 10
491 509 10
491 511 10
491 519 10
491 520 10
491 525 10
491 529 10
491 530 10
491 531 10
491 536 10
491 540 10
491 541 10
491 542 10
491 544 10
492 486 10
492 488 10
492 512 10
492 516 10
492 517 10
492 521 10
492 527 10
492 528 10
492 529 10
492 530 10
492 533 10
492 540 10
492 541 10
492 543 10
493 500 10
493 504 10
493 507 10
493 511 10
493 512 10
493 519 10
493 520 10
493 527 10
493 528 10
493 529 10
493 530 10
493 531 10
493 533 10
493 534 10
493 535 10
493 537 10
493 542 10
494 488 10
494 490 10
494 491 10
494 502 10
494 503 10
494 506 10
494 507 10
494 509 10
494 514 10
494 518 10
494 519 10
494 521 10
494 524 10
494 525 10
494 527 10
494 529 10
494 531 10
494 532 10
494 534 10
494 537 10
494 538 10
494 539 10
494 540 10
495 486 10
495 493 10
495 505 10
495 506 10
495 507 10
495 509 10
495 511 10
495 512 10
495 514 10
495 521 10
495 523 10
495 526 10
495 528 10
495 530 10
495 531 10
495 532 10
495 533 10
495 536 10
495 537 10
495 540 10
495 541 10
496 493 10
496 502 10
496 503 10
496 508 10
496 509 10
496 510 10
496 511 10
496 522 10
496 523 10
496 524 10
496 525 10
496 526 10
496 529 10
496 530 10
496 531 10
496 536 10
496 538 10
496 539 10
496 540 10
496 542 10
496 543 10
497 486 10
497 493 10
497 495 10
497 501 10
497 505 10
497 506 10
497 507 10
497 509 10
497 518 10
497 520 10
497 522 10
497 525 10
497 526 10
497 527 10
497 530 10
497 531 10
497 532 10
497 533 10
497 534 10
497 535 10
497 538 10
497 539 10
497 541 10
497 543 10
497 550 10
498 486 10
498 490 10
498 491 10
498 501 10
498 502 10
498 505 10
498 510 10
498 522 10
498 525 10
498 527 10
498 530 10
498 531 10
498 532 10
498 533 10
498 534 10
498 542 10
498 545 10
499 485 10
499 488 10
499 489 10
499 491 10
499 492 10
499 493 10
499 495 10
499 496 10
499 501 10
499 504 10
499 506 10
499 508 10
499 517 10
499 518 10
499 523 10
499 526 10
499 527 10
499 528 10
499 530 10
499 531 10
499 532 10
499 533 10
499 535 10
499 537 10
499 538 10
499 541 10
499 545 10
499 546 10
499 547 10
499 548 10
500 489 10
500 490 10
500 491 10
500 493 10
500 494 10
500 495 10
500 496 10
500 498 10
500 499 10
500 501 10
500 503 10
500 510 10
500 512 10
500 515 10
500 520 10
500 521 10
500 524 10
500 526 10
500 527 10
500 528 10
500 530 10
500 531 10
500 533 10
500 534 10
500 535 10
500 539 10
500 540 10
500 541 10
500 542 10
500 545 10
500 550 10
501 490 10
501 491 10
501 492 10
501 493 10
501 495 10
501 496 10
501 497 10
501 498 10
501 499 10
501 501 10
501 503 10
501 504 10
501 507 10
501 513 10
501 515 10
501 517 10
501 522 10
501 523 10
501 524 10
501 525 10
501 526 10
501 527 10
501 528 10
501 529 10
501 530 10
501 533 10
501 537 10
501 540 10
501 547 10
501 549 10
501 552 10
502 491 10
502 492 10
502 493 10
502 495 10
502 498 10
502 499 10
502 500 10
502 501 10
502 505 10
502 506 10
502 507 10
502 509 10
502 510 10
502 513 10
502 516 10
502 517 10
502 521 10
502 523 10
502 525 10
502 526 10
502 527 10
502 528 10
502 529 10
502 532 10
502 533 10
502 535 10
502 537 10
502 539 10
502 540 10
502 543 10
502 545 10
502 548 10
502 550 10
502 553 10
503 494 10
503 496 10
503 498 10
503 499 10
503 501 10
503 502 10
503 506 10
503 509 10
503 510 10
503 511 10
503 515 10
503 519 10
503 521 10
503 525 10
503 526 10
503 529 10
503 531 10
503 532 10
503 533 10
503 534 10
503 535 10
503 538 10
503 545 10
503 546 10
503 547 10
503 550 10
503 553 10
503 554 10
504 493 10
504 495 10
504 496 10
504 497 10
504 498 10
504 499 10
504 500 10
504 501 10
504 502 10
504 504 10
504 508 10
504 509 10
504 510 10
504 511 10
504 518 10
504 519 10
504 521 10
504 522 10
504 523 10
504 524 10
504 525 10
504 527 10
504 528 10
504 529 10
504 532 10
504 533 10
504 534 10
504 535 10
504 536 10
504 538 10
504 542 10
504 551 10
504 554 10
505 491 10
505 495 10
505 498 10
505 501 10
505 502 10
505 503 10
505 505 10
505 507 10
505 508 10
505 509 10
505 510 10
505 511 10
505 513 10
505 514 10
505 516 10
505 519 10
505 522 10
505 525 10
505 526 10
505 529 10
505 530 10
505 531 10
505 537 10
505 540 10
505 546 10
505 547 10
505 548 10
505 553 10
505 554 10
506 492 10
506 496 10
506 497 10
506 500 10
506 501 10
506 502 10
506 513 10
506 523 10
506 529 10
506 530 10
506 534 10
506 535 10
507 492 10
507 493 10
507 494 10
507 497 10
507 499 10
507 500 10
507 503 10
507 508 10
507 512 100000
507 514 10
507 515 10
507 517 10
507 519 10
507 521 10
507 524 10
507 525 10
507 526 10
507 527 10
507 528 10
507 534 10
507 539 10
507 540 10
507 546 10
508 489 10
508 501 10
508 507 10
508 516 10
508 517 10
508 518 10
508 522 10
508 523 10
508 524 10
508 525 10
508 533 10
508 536 10
509 497 10
509 498 10
509 499 10
509 502 10
509 508 10
509 513 10
509 517 10
509 525 10
509 536 10
509 546 10
510 502 10
510 505 10
510 515 10
510 521 10
510 523 10
510 524 10
510 525 10
510 533 10
510 534 10
511 496 10
511 499 10
511 509 10
511 510 10
511 514 10
511 515 10
511 516 10
511 521 10
511 522 10
511 523 10
511 524 10
511 531 10
511 532 10
511 537 10
511 538 10
512 495 10
512 498 10
512 502 10
512 508 10
512 510 10
512 511 10
512 512 10
512 514 10
512 515 10
512 516 10
512 517 10
512 518 10
512 530 10
512 546 10
513 499 10
513 500 10
513 504 10
513 506 10
513 508 10
513 514 10
513 515 10
513 517 10
513 518 10
513 520 10
513 521 10
513 523 10
513 524 10
513 531 10
513 534 10
513 536 10
514 495 10
514 497 10
514 499 10
514 500 10
514 501 10
514 502 10
514 504 10
514 508 10
514 510 10
514 511 10
514 518 10
514 524 10
514 530 10
515 501 10
515 502 10
515 503 10
515 510 10
515 513 10
515 514 10
515 516 10
515 517 10
515 518 10
515 528 10
515 533 10
515 535 10
516 493 10
516 495 10
516 499 10
516 502 10
516 506 10
516 510 10
516 514 10
516 515 10
516 518 10
516 521 10
516 532 10
516 534 10
517 488 10
517 495 10
517 500 10
517 501 10
517 503 10
517 504 10
517 505 10
517 507 10
517 509 10
517 510 10
517 511 10
517 517 10
517 518 10
517 521 10
517 530 10
517 535 10
518 488 10
518 490 10
518 493 10
518 502 10
518 505 10
518 511 10
518 519 10
518 530 10
518 534 10
518 536 10
519 490 10
519 497 10
519 498 10
519 509 10
519 510 10
519 513 10
519 515 10
519 517 10
519 523 10
519 532 10
519 533 10
519 534 10
519 536 10
520 496 10
520 497 10
520 507 10
520 513 10
520 518 10
520 526 10
520 531 10
520 534 10
520 538 10
521 498 10
521 507 10
521 512 10
521 514 10
521 520 10
521 521 10
521 524 10
521 527 10
521 532 10
521 535 10
522 494 10
522 510 10
522 511 10
522 516 10
522 519 10
522 536 10
522 537 10
523 506 10
523 507 10
523 524 10
523 527 10
523 538 10
524 505 10
524 508 10
524 538 10
525 505 10
525 507 10
525 508 10
525 510 10
525 522 10
525 537 10
526 510 10
526 516 10
526 517 10
527 509 10
527 510 10
527 512 10
528 507 10
528 508 10
528 513 10
528 514 10
528 515 10
529 511 10
529 512 10
529 514 10
529 515 10
530 508 10
530 509 10
530 511 10
530 515 10
530 516 10
530 518 10
531 507 10
533 512 10
