1024
455 527 10
456 529 10
457 527 10
458 529 10
459 525 10
459 532 10
462 534 10
462 536 10
462 538 10
463 534 10
463 536 10
463 537 10
463 538 10
464 534 10
464 535 10
464 538 10
464 539 10
464 542 10
465 535 10
465 536 10
465 539 10
465 541 10
466 529 10
466 531 10
466 533 10
466 534 10
466 536 10
466 537 10
466 539 10
466 543 10
466 544 10
466 545 10
466 546 10
467 533 10
467 536 10
467 537 10
467 538 10
467 541 10
467 542 10
467 545 10
467 547 10
468 534 10
468 537 10
468 539 10
468 542 10
468 543 10
468 545 10
468 546 10
469 524 10
469 528 10
469 536 10
469 541 10
469 543 10
470 525 10
470 526 10
470 540 10
471 533 10
471 541 10
472 512 10
472 526 10
472 535 10
472 536 10
472 537 10
472 540 10
472 542 10
473 518 10
473 527 10
473 529 10
473 531 10
473 533 10
473 534 10
474 513 10
474 516 10
474 524 10
474 527 10
474 528 10
474 529 10
474 533 10
474 534 10
474 537 10
474 543 10
475 518 10
475 520 10
475 522 10
475 523 10
475 524 10
475 525 10
475 526 10
475 527 10
475 528 10
475 529 10
475 530 10
475 531 10
475 535 10
475 537 10
475 540 10
475 541 10
475 542 10
475 543 10
476 527 10
476 530 10
476 533 10
476 535 10
476 538 10
476 540 10
476 542 10
477 472 10
477 520 10
477 521 10
477 523 10
477 524 10
477 525 10
477 534 10
477 536 10
477 540 10
477 542 10
478 517 10
478 518 10
478 519 10
478 520 10
478 522 10
478 536 10
478 537 10
478 538 10
478 541 10
478 543 10
478 544 10
479 475 10
479 478 10
479 493 10
479 519 10
479 538 10
479 543 10
480 469 10
480 471 10
480 473 10
480 477 10
480 482 10
480 491 10
480 494 10
480 518 10
480 519 10
480 521 10
480 534 10
480 538 10
480 543 10
480 544 10
480 546 10
481 470 10
481 471 10
481 474 10
481 475 10
481 476 10
481 478 10
481 479 10
481 518 10
481 524 10
481 526 10
481 530 10
481 535 10
481 537 10
481 538 10
481 540 10
481 541 10
481 542 10
481 544 10
481 547 10
482 472 10
482 475 10
482 482 10
482 492 10
482 495 10
482 523 10
482 524 10
482 525 10
482 527 10
482 528 10
482 530 10
482 532 10
482 534 10
482 535 10
482 537 10
482 538 10
482 540 10
482 542 10
482 545 10
482 546 10
483 470 10
483 472 10
483 473 10
483 474 10
483 478 10
483 480 10
483 492 10
483 493 10
483 516 10
483 519 10
483 520 10
483 523 10
483 526 10
483 529 10
483 534 10
483 535 10
483 537 10
483 541 10
483 542 10
483 544 10
483 546 10
484 475 10
484 476 10
484 477 10
484 478 10
484 479 10
484 480 10
484 482 10
484 493 10
484 494 10
484 495 10
484 518 10
484 520 10
484 521 10
484 522 10
484 523 10
484 525 10
484 527 10
484 538 10
484 540 10
485 476 10
485 477 10
485 478 10
485 480 10
485 516 10
485 520 10
485 521 10
485 522 10
485 523 10
485 524 10
485 528 10
485 529 10
485 531 10
485 533 10
485 545 10
486 484 10
486 514 10
486 521 10
486 523 10
486 524 10
486 525 10
486 526 10
486 535 10
486 542 10
486 548 10
486 553 10
487 478 10
487 479 10
487 480 10
487 484 10
487 487 10
487 488 10
487 496 10
487 510 10
487 513 10
487 518 10
487 523 10
487 524 10
487 526 10
487 532 10
487 533 10
487 544 10
487 545 10
487 546 10
487 548 10
488 471 10
488 482 10
488 484 10
488 492 10
488 493 10
488 515 10
488 516 10
488 519 10
488 521 10
488 525 10
488 528 10
488 529 10
488 530 10
488 531 10
488 536 10
488 539 10
488 542 10
488 545 10
488 546 10
488 554 10
489 487 10
489 488 10
489 489 10
489 493 10
489 500 10
489 502 10
489 506 10
489 510 10
489 513 10
489 514 10
489 515 10
489 516 10
489 517 10
489 520 10
489 524 10
489 527 10
489 530 10
489 540 10
489 541 10
489 543 10
489 548 10
490 470 10
490 473 10
490 488 10
490 493 10
490 499 10
490 502 10
490 504 10
490 506 10
490 507 10
490 508 10
490 512 10
490 513 10
490 514 10
490 517 10
490 518 10
490 522 10
490 524 10
490 525 10
490 527 10
490 529 10
490 536 10
490 538 10
490 542 10
490 545 10
491 469 10
491 484 10
491 497 10
491 499 10
491 501 10
491 502 10
491 506 10
491 508 10
491 510 10
491 511 10
491 514 10
491 516 10
491 518 10
491 521 10
491 522 10
491 523 10
491 527 10
491 528 10
491 534 10
491 540 10
491 541 10
491 548 10
492 468 10
492 486 10
492 487 10
492 488 10
492 489 10
492 496 10
492 497 10
492 499 10
492 502 10
492 507 10
492 509 10
492 511 10
492 512 10
492 514 10
492 517 10
492 518 10
492 519 10
492 520 10
492 521 10
492 522 10
492 527 10
492 536 10
492 538 10
492 542 10
492 543 10
492 546 10
492 547 10
492 548 10
492 550 10
493 466 10
493 468 10
493 489 10
493 494 10
493 498 10
493 500 10
493 501 10
493 509 10
493 511 10
493 512 10
493 513 10
493 514 10
493 516 10
493 517 10
493 518 10
493 520 10
493 521 10
493 522 10
493 523 10
493 524 10
493 525 10
493 526 10
493 539 10
493 541 10
493 543 10
493 544 10
493 545 10
494 462 10
494 469 10
494 484 10
494 485 10
494 486 10
494 489 10
494 491 10
494 492 10
494 494 10
494 495 10
494 497 10
494 498 10
494 504 10
494 505 10
494 510 10
494 511 10
494 512 10
494 513 10
494 514 10
494 516 10
494 517 10
494 520 10
494 521 10
494 522 10
494 524 10
494 536 10
494 538 10
494 539 10
494 548 10
494 551 10
495 467 10
495 468 10
495 485 10
495 490 10
495 491 10
495 492 10
495 493 10
495 495 10
495 499 10
495 500 10
495 501 10
495 504 10
495 508 10
495 511 10
495 513 10
495 515 10
495 516 10
495 517 10
495 518 10
495 521 10
495 523 10
495 536 10
495 538 10
495 539 10
495 542 10
495 551 10
496 469 10
496 470 10
496 471 10
496 486 10
496 487 10
496 491 10
496 500 10
496 501 10
496 503 10
496 505 10
496 510 10
496 511 10
496 512 10
496 513 10
496 517 10
496 518 10
496 519 10
496 520 10
496 521 10
496 522 10
496 523 10
496 526 10
496 535 10
496 542 10
496 544 10
496 545 10
496 548 10
497 470 10
497 473 10
497 486 10
497 487 10
497 488 10
497 489 10
497 491 10
497 492 10
497 494 10
497 495 10
497 511 10
497 512 10
497 513 10
497 514 10
497 515 10
497 518 10
497 519 10
497 521 10
497 525 10
497 535 10
497 538 10
497 542 10
497 543 10
497 548 10
497 549 10
497 553 10
498 472 10
498 491 10
498 495 10
498 496 10
498 498 10
498 500 10
498 508 10
498 510 10
498 511 10
498 513 10
498 514 10
498 515 10
498 516 10
498 521 10
498 526 10
498 527 10
498 532 10
498 533 10
498 538 10
498 547 10
499 470 10
499 471 10
499 489 10
499 493 10
499 495 10
499 496 10
499 499 10
499 500 10
499 512 10
499 518 10
499 523 10
499 524 10
499 526 10
499 546 10
499 547 10
499 552 10
500 471 10
500 473 10
500 474 10
500 477 10
500 490 10
500 491 10
500 493 10
500 494 10
500 498 10
500 499 10
500 500 10
500 502 10
500 505 10
500 507 10
500 508 10
500 510 10
500 512 10
500 514 10
500 515 10
500 516 10
500 519 10
500 521 10
500 524 10
500 525 10
500 526 10
500 536 10
500 551 10
500 553 10
501 470 10
501 471 10
501 472 10
501 479 10
501 485 10
501 488 10
501 489 10
501 490 10
501 491 10
501 492 10
501 493 10
501 496 10
501 499 10
501 500 10
501 502 10
501 506 10
501 512 10
501 516 10
501 517 10
501 519 10
501 522 10
501 524 10
501 551 10
501 552 10
501 553 10
501 554 10
502 462 10
502 465 10
502 472 10
502 473 10
502 486 10
502 489 10
502 492 10
502 501 10
502 508 10
502 509 10
502 510 10
502 511 10
502 513 10
502 516 10
502 519 10
502 525 10
502 527 10
502 547 10
503 468 10
503 471 10
503 472 10
503 483 10
503 485 10
503 488 10
503 489 10
503 490 10
503 491 10
503 492 10
503 497 10
503 506 10
503 511 10
503 514 10
503 515 10
503 517 10
503 518 10
503 519 10
503 520 10
503 521 10
503 523 10
503 524 10
503 525 10
503 526 10
503 544 10
503 547 10
503 553 10
503 554 10
503 555 10
504 459 10
504 461 10
504 468 10
504 486 10
504 489 10
504 490 10
504 493 10
504 504 10
504 505 10
504 506 10
504 509 10
504 512 10
504 513 10
504 514 10
504 515 10
504 516 10
504 520 10
504 522 10
504 532 10
504 552 10
504 553 10
505 468 10
505 470 10
505 484 10
505 485 10
505 486 10
505 489 10
505 490 10
505 491 10
505 493 10
505 495 10
505 497 10
505 500 10
505 502 10
505 504 10
505 507 10
505 510 10
505 512 10
505 514 10
505 517 10
505 520 10
505 523 10
505 529 10
505 530 10
505 545 10
505 551 10
506 463 10
506 486 10
506 487 10
506 488 10
506 492 10
506 495 10
506 499 10
506 505 10
506 506 10
506 507 10
506 509 10
506 510 10
506 511 10
506 513 10
506 514 10
506 517 10
506 518 10
506 522 10
506 526 10
506 546 10
506 553 10
506 554 10
507 487 10
507 489 10
507 490 10
507 496 10
507 498 10
507 500 10
507 503 10
507 505 10
507 506 10
507 509 10
507 511 10
507 512 10
507 513 100000
507 514 10
507 515 10
507 518 10
507 519 10
507 521 10
507 522 10
507 523 10
507 524 10
507 526 10
507 530 10
508 483 10
508 486 10
508 487 10
508 489 10
508 492 10
508 493 10
508 494 10
508 496 10
508 498 10
508 500 10
508 504 10
508 507 10
508 508 10
508 513 10
508 514 10
508 517 10
508 523 10
508 524 10
508 525 10
509 486 10
509 487 10
509 493 10
509 499 10
509 504 10
509 505 10
509 508 10
509 510 10
509 512 10
509 514 10
509 515 10
509 520 10
509 522 10
509 523 10
509 524 10
509 526 10
509 527 10
509 528 10
509 531 10
509 534 10
510 478 10
510 481 10
510 482 10
510 487 10
510 488 10
510 490 10
510 491 10
510 492 10
510 495 10
510 497 10
510 503 10
510 504 10
510 505 10
510 513 10
510 514 10
510 518 10
510 519 10
510 522 10
510 525 10
510 528 10
510 535 10
510 537 10
511 488 10
511 493 10
511 496 10
511 497 10
511 505 10
511 506 10
511 509 10
511 510 10
511 511 10
511 512 10
511 516 10
511 518 10
511 519 10
511 520 10
511 521 10
511 524 10
511 526 10
511 528 10
511 530 10
511 536 10
512 480 10
512 484 10
512 488 10
512 490 10
512 491 10
512 492 10
512 493 10
512 498 10
512 502 10
512 504 10
512 506 10
512 509 10
512 510 10
512 512 10
512 515 10
512 517 10
512 518 10
512 521 10
512 522 10
512 523 10
512 524 10
512 525 10
512 527 10
512 528 10
512 529 10
512 534 10
512 535 10
512 536 10
512 551 10
513 481 10
513 485 10
513 488 10
513 489 10
513 493 10
513 496 10
513 503 10
513 504 10
513 505 10
513 508 10
513 511 10
513 514 10
513 519 10
513 520 10
513 521 10
513 522 10
513 523 10
513 525 10
513 528 10
513 531 10
513 534 10
513 536 10
513 537 10
513 538 10
513 542 10
513 543 10
514 489 10
514 491 10
514 492 10
514 494 10
514 500 10
514 504 10
514 507 10
514 511 10
514 519 10
514 521 10
514 523 10
514 525 10
514 531 10
514 533 10
514 535 10
514 553 10
515 485 10
515 487 10
515 488 10
515 490 10
515 499 10
515 500 10
515 501 10
515 504 10
515 505 10
515 518 10
515 522 10
515 525 10
515 526 10
515 528 10
515 529 10
515 530 10
515 535 10
515 540 10
515 553 10
516 492 10
516 500 10
516 501 10
516 502 10
516 503 10
516 504 10
516 506 10
516 517 10
516 519 10
516 520 10
516 521 10
516 523 10
516 525 10
516 526 10
516 529 10
516 538 10
516 540 10
516 541 10
516 551 10
516 555 10
517 501 10
517 507 10
517 517 10
517 519 10
517 520 10
517 522 10
517 523 10
517 525 10
517 528 10
517 529 10
517 532 10
517 538 10
517 545 10
517 547 10
518 501 10
518 503 10
518 505 10
518 507 10
518 512 10
518 517 10
518 521 10
518 522 10
518 525 10
518 527 10
518 528 10
518 529 10
518 530 10
518 534 10
518 535 10
518 536 10
518 544 10
518 547 10
519 486 10
519 503 10
519 505 10
519 507 10
519 510 10
519 518 10
519 521 10
519 526 10
519 527 10
519 528 10
519 533 10
519 544 10
520 484 10
520 488 10
520 497 10
520 498 10
520 503 10
520 505 10
520 506 10
520 509 10
520 511 10
520 515 10
520 517 10
520 518 10
520 519 10
520 521 10
520 525 10
520 526 10
520 529 10
520 532 10
520 534 10
520 535 10
521 490 10
521 496 10
521 499 10
521 501 10
521 502 10
521 504 10
521 505 10
521 506 10
521 508 10
521 509 10
521 512 10
521 522 10
521 523 10
521 525 10
521 527 10
521 528 10
521 529 10
521 530 10
521 537 10
522 485 10
522 486 10
522 491 10
522 499 10
522 500 10
522 505 10
522 506 10
522 507 10
522 511 10
522 513 10
522 514 10
522 516 10
522 519 10
522 520 10
522 521 10
522 525 10
522 526 10
522 528 10
522 529 10
522 530 10
522 531 10
522 532 10
522 533 10
522 536 10
522 537 10
523 497 10
523 500 10
523 505 10
523 506 10
523 507 10
523 510 10
523 511 10
523 513 10
523 516 10
523 522 10
523 523 10
523 524 10
523 525 10
523 528 10
523 529 10
523 530 10
523 534 10
524 492 10
524 500 10
524 502 10
524 503 10
524 509 10
524 510 10
524 516 10
524 517 10
524 521 10
524 522 10
524 524 10
524 525 10
524 527 10
524 528 10
524 529 10
524 530 10
524 532 10
525 496 10
525 499 10
525 504 10
525 506 10
525 513 10
525 517 10
525 518 10
525 519 10
525 521 10
525 522 10
525 523 10
525 524 10
525 525 10
525 526 10
525 527 10
525 528 10
525 529 10
525 531 10
525 533 10
525 535 10
525 536 10
526 491 10
526 495 10
526 503 10
526 506 10
526 515 10
526 519 10
526 521 10
526 522 10
526 524 10
526 528 10
526 529 10
526 530 10
526 531 10
527 502 10
527 515 10
527 523 10
527 526 10
527 527 10
527 531 10
527 532 10
527 533 10
527 535 10
527 538 10
527 539 10
528 500 10
528 503 10
528 506 10
528 509 10
528 515 10
528 519 10
528 522 10
528 523 10
528 527 10
528 529 10
528 532 10
528 533 10
528 534 10
529 519 10
529 520 10
529 523 10
529 525 10
529 530 10
529 532 10
530 516 10
530 521 10
530 522 10
530 523 10
530 524 10
530 528 10
530 532 10
530 534 10
531 522 10
531 527 10
532 515 10
532 523 10
532 527 10
532 530 10
532 531 10
532 533 10
533 513 10
533 514 10
533 521 10
533 523 10
533 525 10
533 529 10
533 530 10
533 531 10
533 533 10
534 524 10
534 525 10
534 526 10
534 527 10
534 530 10
535 522 10
535 524 10
535 525 10
536 518 10
536 520 10
536 524 10
536 525 10
536 527 10
537 516 10
537 522 10
537 523 10
537 525 10
537 526 10
538 518 10
538 520 10
539 515 10
539 517 10
539 522 10
539 523 10
540 519 10
540 521 10
