1024
452 474 10
453 471 10
454 475 10
455 471 10
455 473 10
455 476 10
456 471 10
457 471 10
457 473 10
458 471 10
458 506 10
458 563 10
459 474 10
459 507 10
459 564 10
460 473 10
460 475 10
460 476 10
460 477 10
460 479 10
460 500 10
460 508 10
460 552 10
460 557 10
460 558 10
460 559 10
460 562 10
460 566 10
460 567 10
461 472 10
461 479 10
461 506 10
461 513 10
461 514 10
461 555 10
461 559 10
461 560 10
461 564 10
461 565 10
462 472 10
462 475 10
462 480 10
462 508 10
462 517 10
462 528 10
462 550 10
462 551 10
462 555 10
462 556 10
462 557 10
462 562 10
462 566 10
462 567 10
463 473 10
463 478 10
463 499 10
463 500 10
463 502 10
463 505 10
463 506 10
463 512 10
463 514 10
463 529 10
463 552 10
463 553 10
463 557 10
463 559 10
463 560 10
463 561 10
463 562 10
463 563 10
463 564 10
463 565 10
463 566 10
463 567 10
464 471 10
464 473 10
464 508 10
464 510 10
464 515 10
464 529 10
464 555 10
464 556 10
464 558 10
464 561 10
464 562 10
464 566 10
464 567 10
464 568 10
465 507 10
465 514 10
465 516 10
465 518 10
465 549 10
465 550 10
465 552 10
465 553 10
465 558 10
465 559 10
465 562 10
465 565 10
465 566 10
465 568 10
465 571 10
466 508 10
466 510 10
466 512 10
466 550 10
466 554 10
466 555 10
466 556 10
466 557 10
466 559 10
466 560 10
466 561 10
466 562 10
466 563 10
466 565 10
466 566 10
466 567 10
466 568 10
466 569 10
467 506 10
467 508 10
467 510 10
467 511 10
467 513 10
467 549 10
467 551 10
467 552 10
467 553 10
467 556 10
467 557 10
467 561 10
467 562 10
467 563 10
467 564 10
467 567 10
467 568 10
467 569 10
467 570 10
467 571 10
467 572 10
468 476 10
468 481 10
468 507 10
468 508 10
468 509 10
468 512 10
468 513 10
468 550 10
468 552 10
468 553 10
468 555 10
468 556 10
468 557 10
468 558 10
468 559 10
468 560 10
468 564 10
468 565 10
468 571 10
469 473 10
469 479 10
469 509 10
469 511 10
469 512 10
469 526 10
469 550 10
469 551 10
469 552 10
469 553 10
469 554 10
469 555 10
469 558 10
469 560 10
469 561 10
469 562 10
469 563 10
469 566 10
469 568 10
469 569 10
469 571 10
470 476 10
470 479 10
470 509 10
470 510 10
470 511 10
470 513 10
470 526 10
470 552 10
470 553 10
470 555 10
470 556 10
470 557 10
470 560 10
470 563 10
470 564 10
470 568 10
470 569 10
471 475 10
471 508 10
471 525 10
471 526 10
471 529 10
471 554 10
471 555 10
471 556 10
471 557 10
471 558 10
471 559 10
471 560 10
471 561 10
471 562 10
471 563 10
471 564 10
471 567 10
471 569 10
471 571 10
471 572 10
472 469 10
472 470 10
472 474 10
472 475 10
472 480 10
472 482 10
472 508 10
472 523 10
472 526 10
472 528 10
472 529 10
472 552 10
472 555 10
472 557 10
472 558 10
472 559 10
472 561 10
472 562 10
472 563 10
472 564 10
472 566 10
472 569 10
473 472 10
473 477 10
473 479 10
473 484 10
473 486 10
473 487 10
473 525 10
473 526 10
473 530 10
473 532 10
473 553 10
473 554 10
473 555 10
473 556 10
473 557 10
473 559 10
473 560 10
473 561 10
473 562 10
473 563 10
473 565 10
474 465 10
474 468 10
474 469 10
474 474 10
474 478 10
474 484 10
474 485 10
474 487 10
474 489 10
474 523 10
474 529 10
474 554 10
474 555 10
474 557 10
474 558 10
474 559 10
474 560 10
474 561 10
474 562 10
474 563 10
474 566 10
474 567 10
474 568 10
474 569 10
475 467 10
475 468 10
475 469 10
475 482 10
475 483 10
475 484 10
475 485 10
475 488 10
475 508 10
475 525 10
475 526 10
475 528 10
475 530 10
475 556 10
475 558 10
475 560 10
475 561 10
475 562 10
475 563 10
475 567 10
475 568 10
476 454 10
476 465 10
476 466 10
476 468 10
476 473 10
476 485 10
476 486 10
476 487 10
476 489 10
476 517 10
476 522 10
476 524 10
476 527 10
476 528 10
476 530 10
476 536 10
476 554 10
476 555 10
476 556 10
476 559 10
476 561 10
476 565 10
476 567 10
476 569 10
477 457 10
477 466 10
477 467 10
477 468 10
477 469 10
477 471 10
477 477 10
477 481 10
477 482 10
477 485 10
477 487 10
477 488 10
477 508 10
477 518 10
477 519 10
477 520 10
477 525 10
477 526 10
477 527 10
477 529 10
477 530 10
477 535 10
477 537 10
477 538 10
477 552 10
477 554 10
477 555 10
477 556 10
477 559 10
477 560 10
477 562 10
477 563 10
477 567 10
477 570 10
478 457 10
478 464 10
478 466 10
478 469 10
478 480 10
478 487 10
478 489 10
478 511 10
478 517 10
478 520 10
478 521 10
478 522 10
478 523 10
478 524 10
478 528 10
478 529 10
478 530 10
478 533 10
478 560 10
478 561 10
478 562 10
478 563 10
478 564 10
478 567 10
478 568 10
478 573 10
479 466 10
479 475 10
479 476 10
479 479 10
479 483 10
479 485 10
479 487 10
479 517 10
479 519 10
479 520 10
479 522 10
479 526 10
479 527 10
479 528 10
479 534 10
479 536 10
479 559 10
479 563 10
479 565 10
479 568 10
480 469 10
480 474 10
480 498 10
480 511 10
480 518 10
480 519 10
480 521 10
480 527 10
480 531 10
480 555 10
480 558 10
480 560 10
480 562 10
480 567 10
481 462 10
481 474 10
481 480 10
481 482 10
481 484 10
481 485 10
481 494 10
481 496 10
481 511 10
481 518 10
481 519 10
481 521 10
481 522 10
481 523 10
481 524 10
481 526 10
481 529 10
481 533 10
481 558 10
481 562 10
481 563 10
481 564 10
482 468 10
482 471 10
482 474 10
482 480 10
482 481 10
482 483 10
482 485 10
482 495 10
482 500 10
482 511 10
482 513 10
482 515 10
482 521 10
482 527 10
482 528 10
482 529 10
482 530 10
482 531 10
482 532 10
482 534 10
482 537 10
482 539 10
482 556 10
482 558 10
482 562 10
482 566 10
482 568 10
483 462 10
483 465 10
483 470 10
483 473 10
483 475 10
483 481 10
483 484 10
483 497 10
483 515 10
483 516 10
483 521 10
483 522 10
483 524 10
483 525 10
483 527 10
483 528 10
483 529 10
483 530 10
483 532 10
483 538 10
483 554 10
483 555 10
483 560 10
483 561 10
483 563 10
483 564 10
483 568 10
483 570 10
484 463 10
484 464 10
484 467 10
484 470 10
484 471 10
484 474 10
484 502 10
484 506 10
484 508 10
484 517 10
484 518 10
484 521 10
484 523 10
484 524 10
484 526 10
484 528 10
484 530 10
484 532 10
484 538 10
484 554 10
484 556 10
484 559 10
484 562 10
484 563 10
484 565 10
484 566 10
484 567 10
484 570 10
484 576 10
485 465 10
485 466 10
485 467 10
485 468 10
485 469 10
485 470 10
485 471 10
485 474 10
485 476 10
485 477 10
485 492 10
485 494 10
485 516 10
485 518 10
485 522 10
485 524 10
485 525 10
485 527 10
485 528 10
485 529 10
485 530 10
485 534 10
485 554 10
485 556 10
485 563 10
485 564 10
485 565 10
485 566 10
486 461 10
486 463 10
486 468 10
486 474 10
486 476 10
486 493 10
486 496 10
486 497 10
486 499 10
486 500 10
486 502 10
486 509 10
486 514 10
486 515 10
486 519 10
486 521 10
486 523 10
486 525 10
486 527 10
486 528 10
486 529 10
486 531 10
486 533 10
486 564 10
486 565 10
487 469 10
487 473 10
487 474 10
487 475 10
487 476 10
487 478 10
487 479 10
487 494 10
487 495 10
487 498 10
487 506 10
487 514 10
487 517 10
487 523 10
487 526 10
487 527 10
487 529 10
487 531 10
487 532 10
487 565 10
487 567 10
488 473 10
488 494 10
488 498 10
488 502 10
488 504 10
488 505 10
488 509 10
488 512 10
488 516 10
488 517 10
488 519 10
488 520 10
488 522 10
488 526 10
488 527 10
488 528 10
488 530 10
488 531 10
488 533 10
488 566 10
488 570 10
489 464 10
489 472 10
489 475 10
489 479 10
489 496 10
489 504 10
489 506 10
489 514 10
489 519 10
489 520 10
489 521 10
489 522 10
489 523 10
489 524 10
489 527 10
489 528 10
489 529 10
489 532 10
489 563 10
489 567 10
490 478 10
490 496 10
490 497 10
490 498 10
490 504 10
490 506 10
490 507 10
490 508 10
490 509 10
490 511 10
490 512 10
490 525 10
490 527 10
490 530 10
491 495 10
491 508 10
491 509 10
491 510 10
491 511 10
491 513 10
491 516 10
491 519 10
491 522 10
491 524 10
491 526 10
491 527 10
491 528 10
491 530 10
491 532 10
492 469 10
492 475 10
492 478 10
492 498 10
492 505 10
492 506 10
492 518 10
492 519 10
492 523 10
492 524 10
492 525 10
492 527 10
492 528 10
493 473 10
493 474 10
493 477 10
493 494 10
493 496 10
493 497 10
493 502 10
493 504 10
493 506 10
493 507 10
493 508 10
493 509 10
493 511 10
493 514 10
493 517 10
493 529 10
493 531 10
494 473 10
494 494 10
494 502 10
494 503 10
494 504 10
494 505 10
494 507 10
494 508 10
494 514 10
494 515 10
494 519 10
494 520 10
494 522 10
494 523 10
494 524 10
494 531 10
495 496 10
495 497 10
495 507 10
495 508 10
495 510 10
495 511 10
495 512 10
495 515 10
495 518 10
495 521 10
496 496 10
496 497 10
496 501 10
496 502 10
496 503 10
496 504 10
496 506 10
496 507 10
496 510 10
496 513 10
496 516 10
496 517 10
496 521 10
496 523 10
496 529 10
496 530 10
497 493 10
497 495 10
497 498 10
497 501 10
497 502 10
497 503 10
497 505 10
497 507 10
497 508 10
497 510 10
497 513 10
497 515 10
497 519 10
497 520 10
497 521 10
497 523 10
497 528 10
497 536 10
498 488 10
498 493 10
498 494 10
498 499 10
498 500 10
498 504 10
498 509 10
498 511 10
498 512 10
498 514 10
498 517 10
498 518 10
498 519 10
498 520 10
498 521 10
498 529 10
498 530 10
498 534 10
499 486 10
499 488 10
499 493 10
499 504 10
499 506 10
499 507 10
499 510 10
499 512 10
499 513 10
499 515 10
499 516 10
499 517 10
499 527 10
499 528 10
499 529 10
499 533 10
499 535 10
499 536 10
500 486 10
500 487 10
500 491 10
500 493 10
500 494 10
500 500 10
500 501 10
500 502 10
500 503 10
500 505 10
500 506 10
500 507 10
500 508 10
500 510 10
500 511 10
500 515 10
500 516 10
500 519 10
500 520 10
500 525 10
500 532 10
501 462 10
501 464 10
501 487 10
501 488 10
501 498 10
501 499 10
501 501 10
501 502 10
501 503 10
501 505 10
501 508 10
501 511 10
501 513 10
501 515 10
501 517 10
501 520 10
501 524 10
501 527 10
501 529 10
501 530 10
501 531 10
501 533 10
501 535 10
502 462 10
502 490 10
502 492 10
502 494 10
502 495 10
502 504 10
502 510 10
502 511 10
502 515 10
502 516 10
502 526 10
502 527 10
502 529 10
502 530 10
502 531 10
502 532 10
502 535 10
502 539 10
502 540 10
502 541 10
503 463 10
503 464 10
503 471 10
503 489 10
503 499 10
503 505 10
503 508 10
503 509 10
503 510 10
503 511 10
503 514 10
503 515 10
503 516 10
503 517 10
503 518 10
503 532 10
503 533 10
503 535 10
503 541 10
504 463 10
504 504 10
504 505 10
504 506 10
504 511 10
504 512 10
504 513 10
504 514 10
504 515 10
504 518 10
504 523 10
504 528 10
504 529 10
504 530 10
504 531 10
504 533 10
504 534 10
504 541 10
505 468 10
505 479 10
505 486 10
505 488 10
505 489 10
505 504 10
505 506 10
505 507 10
505 508 10
505 510 10
505 511 10
505 512 10
505 513 10
505 515 10
505 516 10
505 517 10
505 523 10
505 526 10
505 528 10
505 531 10
505 533 10
505 534 10
505 540 10
505 548 10
506 470 10
506 472 10
506 481 10
506 490 10
506 499 10
506 501 10
506 503 10
506 506 10
506 509 10
506 510 10
506 511 10
506 513 10
506 514 10
506 515 10
506 516 10
506 517 10
506 521 10
506 522 10
506 523 10
506 525 10
506 527 10
506 528 10
506 529 10
506 530 10
506 531 10
506 534 10
506 536 10
506 540 10
506 545 10
507 460 10
507 462 10
507 474 10
507 475 10
507 487 10
507 488 10
507 490 10
507 491 10
507 500 10
507 501 10
507 503 10
507 504 10
507 510 10
507 513 10
507 514 10
507 515 10
507 516 10
507 517 10
507 520 10
507 522 10
507 528 10
507 530 10
507 531 10
507 532 10
507 534 10
507 536 10
507 540 10
507 541 10
507 544 10
507 546 10
508 462 10
508 471 10
508 474 10
508 475 10
508 477 10
508 487 10
508 488 10
508 490 10
508 491 10
508 499 10
508 500 10
508 507 10
508 512 10
508 515 10
508 516 10
508 517 10
508 524 10
508 526 10
508 532 10
508 533 10
508 534 10
508 535 10
508 536 10
508 538 10
508 539 10
509 459 10
509 462 10
509 471 10
509 472 10
509 489 10
509 499 10
509 501 10
509 503 10
509 505 10
509 512 10
509 515 100000
509 516 10
509 519 10
509 521 10
509 522 10
509 523 10
509 529 10
509 530 10
509 531 10
509 533 10
509 534 10
509 536 10
509 537 10
509 538 10
509 539 10
509 540 10
509 541 10
509 544 10
510 469 10
510 472 10
510 473 10
510 484 10
510 485 10
510 499 10
510 501 10
510 502 10
510 503 10
510 504 10
510 505 10
510 506 10
510 507 10
510 508 10
510 509 10
510 510 10
510 511 10
510 512 10
510 514 10
510 515 10
510 517 10
510 520 10
510 522 10
510 523 10
510 524 10
510 525 10
510 527 10
510 528 10
510 530 10
510 531 10
510 532 10
510 534 10
510 537 10
510 538 10
510 539 10
510 543 10
511 473 10
511 478 10
511 486 10
511 487 10
511 495 10
511 496 10
511 503 10
511 505 10
511 506 10
511 507 10
511 510 10
511 511 10
511 512 10
511 514 10
511 518 10
511 519 10
511 520 10
511 521 10
511 523 10
511 526 10
511 527 10
511 528 10
511 530 10
511 532 10
511 533 10
511 535 10
511 538 10
511 539 10
511 540 10
511 541 10
512 467 10
512 469 10
512 496 10
512 499 10
512 504 10
512 505 10
512 509 10
512 510 10
512 511 10
512 512 10
512 513 10
512 514 10
512 516 10
512 518 10
512 520 10
512 523 10
512 524 10
512 529 10
512 530 10
512 531 10
512 532 10
512 533 10
512 535 10
512 536 10
512 537 10
512 541 10
513 469 10
513 474 10
513 483 10
513 504 10
513 506 10
513 508 10
513 509 10
513 510 10
513 511 10
513 512 10
513 514 10
513 517 10
513 519 10
513 520 10
513 521 10
513 522 10
513 524 10
513 532 10
513 537 10
513 538 10
513 541 10
513 542 10
514 500 10
514 501 10
514 502 10
514 503 10
514 505 10
514 507 10
514 512 10
514 518 10
514 519 10
514 520 10
514 521 10
514 525 10
514 526 10
514 530 10
514 538 10
514 540 10
515 470 10
515 475 10
515 484 10
515 502 10
515 504 10
515 505 10
515 506 10
515 507 10
515 508 10
515 510 10
515 511 10
515 513 10
515 514 10
515 519 10
515 520 10
515 522 10
515 528 10
515 530 10
515 531 10
515 532 10
515 537 10
515 538 10
516 473 10
516 475 10
516 498 10
516 500 10
516 502 10
516 504 10
516 505 10
516 509 10
516 511 10
516 516 10
516 519 10
516 520 10
516 521 10
516 528 10
516 529 10
516 530 10
516 531 10
516 544 10
517 469 10
517 473 10
517 475 10
517 478 10
517 481 10
517 499 10
517 500 10
517 502 10
517 506 10
517 511 10
517 516 10
517 518 10
517 519 10
517 522 10
517 523 10
517 526 10
517 528 10
517 529 10
517 531 10
517 532 10
517 539 10
518 469 10
518 471 10
518 473 10
518 479 10
518 480 10
518 481 10
518 497 10
518 507 10
518 508 10
518 518 10
518 522 10
518 524 10
519 473 10
519 474 10
519 475 10
519 477 10
519 494 10
519 499 10
519 500 10
519 509 10
519 512 10
519 516 10
519 518 10
519 519 10
519 521 10
519 522 10
519 523 10
519 529 10
519 536 10
520 473 10
520 495 10
520 496 10
520 507 10
520 510 10
520 514 10
520 519 10
520 520 10
520 521 10
520 527 10
520 530 10
520 534 10
520 536 10
521 476 10
521 500 10
521 504 10
521 513 10
521 519 10
521 526 10
521 530 10
521 533 10
521 534 10
521 537 10
522 476 10
522 502 10
522 506 10
522 508 10
522 520 10
522 522 10
522 523 10
522 525 10
522 526 10
522 527 10
522 530 10
522 537 10
523 500 10
523 506 10
523 517 10
523 518 10
523 520 10
523 521 10
523 522 10
523 525 10
523 530 10
523 531 10
523 532 10
523 534 10
523 535 10
523 536 10
524 499 10
524 502 10
524 509 10
524 517 10
524 518 10
524 519 10
524 520 10
524 522 10
524 523 10
524 524 10
524 525 10
524 526 10
524 527 10
524 532 10
524 533 10
524 535 10
524 540 10
524 542 10
525 516 10
525 522 10
525 525 10
525 527 10
525 529 10
525 531 10
525 535 10
525 536 10
525 537 10
525 540 10
525 541 10
526 501 10
526 511 10
526 519 10
526 520 10
526 521 10
526 523 10
526 527 10
526 530 10
526 531 10
526 533 10
526 534 10
526 535 10
526 536 10
526 537 10
526 538 10
526 541 10
526 546 10
527 515 10
527 519 10
527 522 10
527 523 10
527 525 10
527 531 10
527 532 10
527 533 10
527 534 10
527 535 10
527 536 10
527 537 10
527 540 10
527 542 10
528 511 10
528 512 10
528 513 10
528 520 10
528 523 10
528 524 10
528 528 10
528 533 10
528 535 10
528 536 10
528 537 10
528 542 10
529 507 10
529 509 10
529 510 10
529 512 10
529 520 10
529 526 10
529 531 10
529 534 10
529 535 10
529 543 10
530 512 10
530 515 10
530 521 10
530 527 10
530 528 10
530 534 10
531 508 10
531 509 10
531 510 10
531 511 10
531 513 10
531 516 10
531 517 10
531 519 10
531 521 10
531 522 10
531 524 10
531 525 10
531 526 10
531 527 10
531 530 10
531 531 10
531 538 10
531 540 10
531 541 10
531 543 10
532 514 10
532 517 10
532 521 10
532 523 10
532 525 10
532 527 10
532 528 10
532 529 10
532 531 10
532 534 10
532 540 10
532 546 10
533 509 10
533 510 10
533 512 10
533 519 10
533 520 10
533 521 10
533 523 10
533 526 10
533 528 10
533 529 10
533 538 10
533 540 10
533 541 10
533 542 10
533 544 10
533 547 10
534 516 10
534 520 10
534 528 10
534 530 10
534 534 10
534 535 10
534 536 10
534 549 10
535 501 10
535 521 10
535 522 10
535 523 10
535 524 10
535 526 10
535 528 10
535 529 10
535 531 10
535 547 10
535 549 10
535 550 10
536 501 10
536 502 10
536 521 10
536 524 10
536 525 10
536 527 10
536 533 10
536 534 10
536 539 10
536 548 10
537 500 10
537 503 10
537 513 10
537 514 10
537 522 10
537 526 10
537 527 10
537 528 10
537 531 10
537 534 10
537 537 10
537 540 10
537 542 10
538 500 10
538 502 10
538 522 10
538 523 10
538 524 10
538 526 10
538 527 10
538 528 10
538 530 10
538 533 10
538 539 10
539 501 10
539 519 10
539 523 10
539 527 10
539 528 10
539 531 10
539 532 10
539 533 10
539 534 10
539 537 10
540 519 10
540 523 10
540 524 10
540 526 10
540 528 10
540 531 10
540 533 10
540 535 10
540 541 10
540 543 10
541 520 10
541 528 10
541 531 10
541 533 10
541 535 10
541 538 10
541 541 10
542 520 10
542 521 10
542 522 10
542 523 10
542 525 10
542 526 10
542 527 10
542 528 10
542 533 10
542 538 10
542 543 10
543 518 10
543 521 10
543 522 10
543 523 10
543 525 10
543 526 10
543 538 10
543 542 10
544 518 10
544 519 10
544 520 10
544 521 10
544 523 10
544 526 10
544 538 10
545 519 10
545 521 10
545 523 10
545 524 10
545 525 10
545 527 10
545 529 10
545 541 10
546 520 10
546 525 10
546 528 10
546 538 10
547 523 10
547 524 10
547 528 10
547 539 10
548 519 10
548 538 10
549 536 10
550 524 10
551 524 10
553 525 10
553 527 10
