1024
445 513 10
445 515 10
446 516 10
447 513 10
447 514 10
448 505 10
448 509 10
448 510 10
449 513 10
449 526 10
450 501 10
450 504 10
450 511 10
450 523 10
450 527 10
450 569 10
451 521 10
451 523 10
451 525 10
451 527 10
451 567 10
451 571 10
452 501 10
452 511 10
452 522 10
452 523 10
452 524 10
453 521 10
453 522 10
453 526 10
453 570 10
453 571 10
454 508 10
454 520 10
454 522 10
454 523 10
454 525 10
454 528 10
454 569 10
454 573 10
454 577 10
455 508 10
455 519 10
455 531 10
455 567 10
455 571 10
455 573 10
455 576 10
455 577 10
456 506 10
456 508 10
456 510 10
456 512 10
456 516 10
456 528 10
456 546 10
456 547 10
456 553 10
456 564 10
456 567 10
456 568 10
456 570 10
456 571 10
456 572 10
456 574 10
457 508 10
457 509 10
457 511 10
457 513 10
457 520 10
457 521 10
457 523 10
457 527 10
457 546 10
457 563 10
457 565 10
457 569 10
457 571 10
457 573 10
458 509 10
458 517 10
458 518 10
458 520 10
458 521 10
458 526 10
458 546 10
458 551 10
458 563 10
458 564 10
458 565 10
458 566 10
458 568 10
458 571 10
458 573 10
459 505 10
459 517 10
459 518 10
459 527 10
459 546 10
459 548 10
459 559 10
459 563 10
459 566 10
459 567 10
459 570 10
459 571 10
459 573 10
459 574 10
459 575 10
459 576 10
460 495 10
460 507 10
460 510 10
460 518 10
460 527 10
460 528 10
460 564 10
460 565 10
460 566 10
460 568 10
460 570 10
460 571 10
460 572 10
460 575 10
461 459 10
461 495 10
461 505 10
461 518 10
461 521 10
461 544 10
461 545 10
461 546 10
461 547 10
461 548 10
461 557 10
461 562 10
461 565 10
461 567 10
461 568 10
461 569 10
461 571 10
461 578 10
462 461 10
462 495 10
462 503 10
462 511 10
462 514 10
462 517 10
462 546 10
462 559 10
462 563 10
462 566 10
462 569 10
462 572 10
462 573 10
462 574 10
462 576 10
463 461 10
463 502 10
463 504 10
463 524 10
463 551 10
463 556 10
463 563 10
463 567 10
463 568 10
463 569 10
463 571 10
463 572 10
463 573 10
463 582 10
464 461 10
464 518 10
464 522 10
464 549 10
464 550 10
464 557 10
464 568 10
464 570 10
464 573 10
464 577 10
464 582 10
465 460 10
465 464 10
465 500 10
465 503 10
465 504 10
465 510 10
465 511 10
465 522 10
465 525 10
465 547 10
465 550 10
465 551 10
465 561 10
465 573 10
465 575 10
465 576 10
465 577 10
465 578 10
465 579 10
465 580 10
465 581 10
465 582 10
466 460 10
466 463 10
466 499 10
466 500 10
466 501 10
466 502 10
466 508 10
466 512 10
466 520 10
466 521 10
466 524 10
466 525 10
466 547 10
466 548 10
466 552 10
466 553 10
466 567 10
466 568 10
466 571 10
466 574 10
466 576 10
466 577 10
466 578 10
466 581 10
466 582 10
467 462 10
467 496 10
467 498 10
467 499 10
467 501 10
467 507 10
467 510 10
467 512 10
467 519 10
467 523 10
467 549 10
467 550 10
467 552 10
467 568 10
467 570 10
467 572 10
467 573 10
467 575 10
467 576 10
467 578 10
467 580 10
468 461 10
468 462 10
468 492 10
468 494 10
468 500 10
468 501 10
468 502 10
468 503 10
468 504 10
468 518 10
468 520 10
468 521 10
468 525 10
468 526 10
468 529 10
468 546 10
468 547 10
468 549 10
468 551 10
468 566 10
468 569 10
468 572 10
468 573 10
468 575 10
468 576 10
468 577 10
468 579 10
468 582 10
469 474 10
469 492 10
469 498 10
469 499 10
469 504 10
469 511 10
469 513 10
469 521 10
469 522 10
469 530 10
469 535 10
469 545 10
469 548 10
469 549 10
469 552 10
469 567 10
469 569 10
469 572 10
469 573 10
469 574 10
469 577 10
469 578 10
469 580 10
469 581 10
470 475 10
470 497 10
470 501 10
470 509 10
470 523 10
470 528 10
470 541 10
470 546 10
470 547 10
470 565 10
470 570 10
470 572 10
470 574 10
470 576 10
470 581 10
471 465 10
471 466 10
471 474 10
471 476 10
471 478 10
471 493 10
471 494 10
471 498 10
471 499 10
471 504 10
471 507 10
471 510 10
471 512 10
471 520 10
471 521 10
471 525 10
471 530 10
471 531 10
471 534 10
471 538 10
471 545 10
471 546 10
471 547 10
471 548 10
471 549 10
471 567 10
471 571 10
471 572 10
472 468 10
472 498 10
472 513 10
472 514 10
472 541 10
472 544 10
472 547 10
472 551 10
472 565 10
472 566 10
472 567 10
472 575 10
472 577 10
473 465 10
473 468 10
473 492 10
473 493 10
473 494 10
473 495 10
473 498 10
473 503 10
473 505 10
473 506 10
473 517 10
473 518 10
473 519 10
473 527 10
473 531 10
473 532 10
473 539 10
473 553 10
473 554 10
473 564 10
473 565 10
473 568 10
473 569 10
473 570 10
473 573 10
474 467 10
474 493 10
474 504 10
474 506 10
474 507 10
474 509 10
474 511 10
474 521 10
474 528 10
474 533 10
474 534 10
474 545 10
474 547 10
474 549 10
474 553 10
474 564 10
474 566 10
474 568 10
474 569 10
475 468 10
475 494 10
475 495 10
475 507 10
475 508 10
475 509 10
475 511 10
475 513 10
475 514 10
475 515 10
475 517 10
475 526 10
475 528 10
475 544 10
475 547 10
475 548 10
475 549 10
475 550 10
475 553 10
475 555 10
475 558 10
475 560 10
475 561 10
475 564 10
475 566 10
475 579 10
476 459 10
476 493 10
476 495 10
476 497 10
476 500 10
476 504 10
476 505 10
476 506 10
476 513 10
476 521 10
476 523 10
476 526 10
476 527 10
476 529 10
476 537 10
476 538 10
476 543 10
476 545 10
476 546 10
476 547 10
476 548 10
476 550 10
476 554 10
476 555 10
476 563 10
476 579 10
477 494 10
477 495 10
477 496 10
477 498 10
477 499 10
477 507 10
477 509 10
477 517 10
477 520 10
477 522 10
477 523 10
477 524 10
477 525 10
477 527 10
477 529 10
477 530 10
477 532 10
477 534 10
477 537 10
477 540 10
477 542 10
477 543 10
477 546 10
477 548 10
477 549 10
477 552 10
477 553 10
477 557 10
478 470 10
478 498 10
478 500 10
478 503 10
478 505 10
478 511 10
478 515 10
478 521 10
478 523 10
478 527 10
478 528 10
478 531 10
478 533 10
478 535 10
478 536 10
478 540 10
478 541 10
478 543 10
478 544 10
478 545 10
478 546 10
478 547 10
478 548 10
478 549 10
478 550 10
478 554 10
478 558 10
478 560 10
478 561 10
479 454 10
479 466 10
479 469 10
479 473 10
479 488 10
479 500 10
479 503 10
479 516 10
479 517 10
479 519 10
479 520 10
479 521 10
479 525 10
479 532 10
479 534 10
479 538 10
479 539 10
479 540 10
479 541 10
479 542 10
479 544 10
479 548 10
479 550 10
479 551 10
479 552 10
479 553 10
479 556 10
479 558 10
479 560 10
479 562 10
479 580 10
480 453 10
480 460 10
480 461 10
480 465 10
480 486 10
480 502 10
480 504 10
480 505 10
480 507 10
480 510 10
480 511 10
480 514 10
480 516 10
480 519 10
480 520 10
480 521 10
480 522 10
480 523 10
480 525 10
480 527 10
480 530 10
480 531 10
480 532 10
480 534 10
480 537 10
480 541 10
480 543 10
480 544 10
480 545 10
480 546 10
480 548 10
480 549 10
480 550 10
480 551 10
480 554 10
480 555 10
480 579 10
481 455 10
481 465 10
481 471 10
481 485 10
481 489 10
481 503 10
481 505 10
481 511 10
481 516 10
481 518 10
481 522 10
481 526 10
481 528 10
481 532 10
481 533 10
481 538 10
481 539 10
481 543 10
481 545 10
481 546 10
481 547 10
481 548 10
481 550 10
482 454 10
482 455 10
482 456 10
482 460 10
482 465 10
482 468 10
482 471 10
482 472 10
482 486 10
482 488 10
482 505 10
482 511 10
482 512 10
482 513 10
482 514 10
482 515 10
482 517 10
482 518 10
482 519 10
482 521 10
482 523 10
482 525 10
482 526 10
482 528 10
482 530 10
482 531 10
482 533 10
482 534 10
482 535 10
482 536 10
482 540 10
482 542 10
482 543 10
482 545 10
482 546 10
482 548 10
482 549 10
482 554 10
482 580 10
483 455 10
483 457 10
483 459 10
483 460 10
483 465 10
483 470 10
483 473 10
483 483 10
483 484 10
483 486 10
483 489 10
483 502 10
483 504 10
483 507 10
483 508 10
483 510 10
483 511 10
483 512 10
483 515 10
483 517 10
483 518 10
483 520 10
483 523 10
483 524 10
483 526 10
483 529 10
483 531 10
483 534 10
483 535 10
483 536 10
483 537 10
483 539 10
483 544 10
483 545 10
483 546 10
483 547 10
483 552 10
483 559 10
484 452 10
484 457 10
484 458 10
484 459 10
484 460 10
484 462 10
484 463 10
484 465 10
484 467 10
484 472 10
484 482 10
484 486 10
484 499 10
484 503 10
484 505 10
484 506 10
484 513 10
484 517 10
484 520 10
484 521 10
484 524 10
484 525 10
484 529 10
484 531 10
484 534 10
484 537 10
484 538 10
484 542 10
484 544 10
484 545 10
484 547 10
484 548 10
484 558 10
484 559 10
484 582 10
485 453 10
485 454 10
485 458 10
485 461 10
485 463 10
485 466 10
485 467 10
485 468 10
485 469 10
485 470 10
485 472 10
485 474 10
485 475 10
485 480 10
485 481 10
485 483 10
485 484 10
485 485 10
485 499 10
485 500 10
485 503 10
485 504 10
485 506 10
485 514 10
485 523 10
485 526 10
485 528 10
485 531 10
485 533 10
485 538 10
485 539 10
485 540 10
485 541 10
485 543 10
485 544 10
485 545 10
485 548 10
485 579 10
485 582 10
486 453 10
486 457 10
486 458 10
486 459 10
486 462 10
486 463 10
486 464 10
486 465 10
486 466 10
486 468 10
486 469 10
486 470 10
486 471 10
486 472 10
486 478 10
486 480 10
486 482 10
486 483 10
486 486 10
486 502 10
486 503 10
486 513 10
486 515 10
486 522 10
486 524 10
486 525 10
486 526 10
486 528 10
486 530 10
486 532 10
486 535 10
486 539 10
486 542 10
486 543 10
486 545 10
486 546 10
486 547 10
486 549 10
486 550 10
486 580 10
487 449 10
487 450 10
487 451 10
487 452 10
487 456 10
487 460 10
487 461 10
487 462 10
487 463 10
487 464 10
487 465 10
487 466 10
487 467 10
487 468 10
487 470 10
487 471 10
487 476 10
487 481 10
487 482 10
487 487 10
487 499 10
487 500 10
487 501 10
487 503 10
487 504 10
487 513 10
487 515 10
487 516 10
487 526 10
487 528 10
487 529 10
487 532 10
487 545 10
487 546 10
487 547 10
487 548 10
487 549 10
487 550 10
487 556 10
488 454 10
488 455 10
488 456 10
488 457 10
488 458 10
488 460 10
488 461 10
488 463 10
488 467 10
488 468 10
488 469 10
488 472 10
488 474 10
488 475 10
488 487 10
488 498 10
488 523 10
488 525 10
488 528 10
488 529 10
488 530 10
488 536 10
488 542 10
488 544 10
488 548 10
488 550 10
488 551 10
488 555 10
488 558 10
489 448 10
489 449 10
489 453 10
489 455 10
489 456 10
489 457 10
489 458 10
489 459 10
489 460 10
489 463 10
489 465 10
489 466 10
489 467 10
489 468 10
489 469 10
489 470 10
489 471 10
489 472 10
489 476 10
489 480 10
489 481 10
489 485 10
489 486 10
489 487 10
489 489 10
489 512 10
489 514 10
489 525 10
489 527 10
489 528 10
489 533 10
489 534 10
489 535 10
489 537 10
489 540 10
489 543 10
489 546 10
489 548 10
489 549 10
489 551 10
489 552 10
489 553 10
489 559 10
489 561 10
490 452 10
490 454 10
490 455 10
490 456 10
490 457 10
490 458 10
490 459 10
490 460 10
490 461 10
490 463 10
490 465 10
490 466 10
490 467 10
490 468 10
490 469 10
490 471 10
490 473 10
490 475 10
490 479 10
490 481 10
490 482 10
490 483 10
490 484 10
490 486 10
490 487 10
490 489 10
490 513 10
490 514 10
490 524 10
490 527 10
490 530 10
490 532 10
490 533 10
490 534 10
490 536 10
490 537 10
490 542 10
490 543 10
490 544 10
490 545 10
490 546 10
490 547 10
490 549 10
490 551 10
490 554 10
491 455 10
491 457 10
491 458 10
491 460 10
491 463 10
491 465 10
491 466 10
491 467 10
491 469 10
491 472 10
491 473 10
491 475 10
491 479 10
491 480 10
491 482 10
491 484 10
491 485 10
491 487 10
491 491 10
491 492 10
491 508 10
491 511 10
491 512 10
491 513 10
491 515 10
491 524 10
491 526 10
491 527 10
491 528 10
491 530 10
491 532 10
491 536 10
491 545 10
491 548 10
491 552 10
491 555 10
491 557 10
491 559 10
491 560 10
491 561 10
492 456 10
492 457 10
492 458 10
492 461 10
492 469 10
492 475 10
492 476 10
492 477 10
492 478 10
492 481 10
492 482 10
492 483 10
492 484 10
492 486 10
492 487 10
492 488 10
492 489 10
492 490 10
492 498 10
492 503 10
492 505 10
492 510 10
492 517 10
492 519 10
492 522 10
492 523 10
492 526 10
492 528 10
492 529 10
492 530 10
492 531 10
492 537 10
492 543 10
492 544 10
492 553 10
492 554 10
492 559 10
492 562 10
493 454 10
493 456 10
493 461 10
493 462 10
493 464 10
493 465 10
493 469 10
493 471 10
493 472 10
493 473 10
493 475 10
493 478 10
493 481 10
493 484 10
493 485 10
493 486 10
493 487 10
493 488 10
493 490 10
493 510 10
493 512 10
493 514 10
493 517 10
493 519 10
493 521 10
493 523 10
493 524 10
493 525 10
493 529 10
493 542 10
493 545 10
493 546 10
493 548 10
493 549 10
493 550 10
493 551 10
493 554 10
493 557 10
493 560 10
493 562 10
494 451 10
494 456 10
494 460 10
494 462 10
494 465 10
494 468 10
494 470 10
494 471 10
494 473 10
494 474 10
494 475 10
494 476 10
494 478 10
494 479 10
494 480 10
494 481 10
494 482 10
494 483 10
494 484 10
494 485 10
494 486 10
494 488 10
494 489 10
494 490 10
494 491 10
494 497 10
494 501 10
494 506 10
494 507 10
494 509 10
494 512 10
494 516 10
494 517 10
494 520 10
494 521 10
494 522 10
494 523 10
494 524 10
494 526 10
494 527 10
494 528 10
494 529 10
494 530 10
494 546 10
494 557 10
494 562 10
495 453 10
495 457 10
495 458 10
495 459 10
495 460 10
495 466 10
495 468 10
495 469 10
495 471 10
495 475 10
495 477 10
495 480 10
495 481 10
495 482 10
495 484 10
495 486 10
495 487 10
495 488 10
495 489 10
495 490 10
495 492 10
495 494 10
495 495 10
495 496 10
495 498 10
495 499 10
495 501 10
495 509 10
495 511 10
495 516 10
495 518 10
495 520 10
495 523 10
495 524 10
495 525 10
495 526 10
495 527 10
495 528 10
495 529 10
495 546 10
495 548 10
495 553 10
495 557 10
495 560 10
496 452 10
496 455 10
496 456 10
496 457 10
496 459 10
496 461 10
496 464 10
496 467 10
496 468 10
496 469 10
496 471 10
496 473 10
496 475 10
496 477 10
496 479 10
496 482 10
496 483 10
496 486 10
496 487 10
496 488 10
496 489 10
496 491 10
496 494 10
496 496 10
496 497 10
496 498 10
496 501 10
496 503 10
496 507 10
496 510 10
496 511 10
496 513 10
496 514 10
496 520 10
496 521 10
496 523 10
496 524 10
496 525 10
496 526 10
496 528 10
496 529 10
496 530 10
496 531 10
496 539 10
496 544 10
496 545 10
496 549 10
496 550 10
496 555 10
496 556 10
496 562 10
496 564 10
497 456 10
497 457 10
497 460 10
497 463 10
497 465 10
497 466 10
497 467 10
497 468 10
497 470 10
497 471 10
497 475 10
497 482 10
497 485 10
497 486 10
497 487 10
497 488 10
497 489 10
497 490 10
497 491 10
497 492 10
497 495 10
497 497 10
497 498 10
497 499 10
497 501 10
497 502 10
497 504 10
497 505 10
497 506 10
497 518 10
497 520 10
497 522 10
497 523 10
497 524 10
497 526 10
497 527 10
497 530 10
497 531 10
497 549 10
497 551 10
497 554 10
497 555 10
497 559 10
497 563 10
498 458 10
498 460 10
498 461 10
498 466 10
498 467 10
498 468 10
498 469 10
498 470 10
498 471 10
498 475 10
498 477 10
498 482 10
498 485 10
498 489 10
498 490 10
498 494 10
498 497 10
498 498 10
498 499 10
498 500 10
498 501 10
498 502 10
498 512 10
498 513 10
498 514 10
498 522 10
498 523 10
498 526 10
498 529 10
498 530 10
498 531 10
498 532 10
498 533 10
498 542 10
498 546 10
498 547 10
498 548 10
498 550 10
498 552 10
498 561 10
498 564 10
499 458 10
499 460 10
499 470 10
499 473 10
499 475 10
499 477 10
499 483 10
499 484 10
499 485 10
499 487 10
499 489 10
499 490 10
499 491 10
499 493 10
499 494 10
499 497 10
499 500 10
499 502 10
499 503 10
499 504 10
499 509 10
499 510 10
499 511 10
499 513 10
499 515 10
499 518 10
499 519 10
499 529 10
499 545 10
499 547 10
499 548 10
499 553 10
499 556 10
499 559 10
499 561 10
499 564 10
499 574 10
500 465 10
500 468 10
500 469 10
500 470 10
500 471 10
500 472 10
500 475 10
500 476 10
500 481 10
500 482 10
500 485 10
500 486 10
500 488 10
500 498 10
500 508 10
500 510 10
500 511 10
500 512 10
500 513 10
500 517 10
500 518 10
500 526 10
500 528 10
500 556 10
500 562 10
500 563 10
500 565 10
500 577 10
501 447 10
501 448 10
501 450 10
501 451 10
501 453 10
501 454 10
501 456 10
501 458 10
501 460 10
501 464 10
501 467 10
501 468 10
501 469 10
501 473 10
501 479 10
501 490 10
501 492 10
501 497 10
501 500 10
501 501 10
501 502 10
501 505 10
501 506 10
501 507 10
501 510 10
501 511 10
501 512 10
501 513 10
501 520 10
501 522 10
501 526 10
501 527 10
501 529 10
501 530 10
501 556 10
501 560 10
501 562 10
501 564 10
501 577 10
501 579 10
502 448 10
502 449 10
502 451 10
502 454 10
502 455 10
502 458 10
502 459 10
502 468 10
502 471 10
502 475 10
502 476 10
502 477 10
502 480 10
502 485 10
502 486 10
502 487 10
502 491 10
502 492 10
502 495 10
502 499 10
502 501 10
502 504 10
502 506 10
502 507 10
502 508 10
502 509 10
502 510 10
502 519 10
502 522 10
502 523 10
502 525 10
502 528 10
502 533 10
502 558 10
502 563 10
502 579 10
503 446 10
503 447 10
503 450 10
503 451 10
503 452 10
503 453 10
503 454 10
503 455 10
503 458 10
503 460 10
503 467 10
503 469 10
503 470 10
503 473 10
503 477 10
503 478 10
503 479 10
503 480 10
503 488 10
503 489 10
503 491 10
503 492 10
503 493 10
503 497 10
503 499 10
503 501 10
503 505 10
503 506 10
503 507 10
503 509 10
503 510 10
503 511 10
503 512 10
503 513 10
503 516 10
503 520 10
503 523 10
503 524 10
503 526 10
503 529 10
503 531 10
503 532 10
503 534 10
503 562 10
503 567 10
503 576 10
503 577 10
503 579 10
503 580 10
504 448 10
504 449 10
504 453 10
504 454 10
504 455 10
504 458 10
504 468 10
504 469 10
504 470 10
504 475 10
504 478 10
504 480 10
504 486 10
504 487 10
504 490 10
504 492 10
504 494 10
504 497 10
504 504 10
504 506 10
504 507 10
504 508 10
504 511 10
504 513 10
504 519 10
504 521 10
504 524 10
504 526 10
504 528 10
504 530 10
504 558 10
504 562 10
504 565 10
505 445 10
505 453 10
505 458 10
505 461 10
505 462 10
505 466 10
505 470 10
505 471 10
505 472 10
505 473 10
505 474 10
505 477 10
505 478 10
505 479 10
505 481 10
505 489 10
505 491 10
505 492 10
505 493 10
505 496 10
505 497 10
505 507 10
505 508 10
505 511 10
505 512 10
505 513 10
505 514 10
505 516 10
505 517 10
505 518 10
505 521 10
505 526 10
505 529 10
505 530 10
505 532 10
505 533 10
505 558 10
505 559 10
505 560 10
505 578 10
506 442 10
506 449 10
506 457 10
506 463 10
506 464 10
506 465 10
506 468 10
506 471 10
506 475 10
506 476 10
506 478 10
506 483 10
506 484 10
506 486 10
506 488 10
506 489 10
506 492 10
506 493 10
506 496 10
506 497 10
506 498 10
506 503 10
506 506 10
506 507 10
506 509 10
506 513 10
506 515 10
506 516 10
506 524 10
506 530 10
506 559 10
507 453 10
507 454 10
507 461 10
507 464 10
507 466 10
507 471 10
507 473 10
507 474 10
507 475 10
507 477 10
507 480 10
507 484 10
507 487 10
507 488 10
507 493 10
507 503 10
507 505 10
507 506 10
507 509 10
507 510 10
507 511 10
507 512 10
507 513 10
507 514 10
507 515 10
507 516 100000
507 517 10
507 518 10
507 525 10
507 526 10
507 527 10
507 528 10
507 532 10
507 556 10
508 458 10
508 459 10
508 464 10
508 466 10
508 467 10
508 471 10
508 472 10
508 473 10
508 475 10
508 476 10
508 485 10
508 487 10
508 488 10
508 489 10
508 506 10
508 508 10
508 509 10
508 510 10
508 513 10
508 515 10
508 517 10
508 556 10
509 464 10
509 465 10
509 470 10
509 471 10
509 472 10
509 473 10
509 475 10
509 476 10
509 479 10
509 486 10
509 489 10
509 509 10
509 512 10
509 514 10
509 515 10
509 516 10
509 520 10
510 450 10
510 458 10
510 462 10
510 463 10
510 464 10
510 466 10
510 468 10
510 470 10
510 471 10
510 473 10
510 474 10
510 475 10
510 476 10
510 478 10
510 484 10
510 488 10
510 494 10
510 496 10
510 508 10
510 509 10
510 511 10
510 512 10
510 514 10
510 515 10
510 517 10
511 453 10
511 458 10
511 464 10
511 466 10
511 468 10
511 470 10
511 472 10
511 473 10
511 475 10
511 476 10
511 479 10
511 483 10
511 489 10
511 493 10
511 495 10
511 496 10
511 499 10
511 500 10
511 511 10
511 513 10
511 514 10
511 516 10
511 519 10
511 520 10
511 522 10
512 453 10
512 455 10
512 457 10
512 458 10
512 460 10
512 462 10
512 464 10
512 465 10
512 468 10
512 469 10
512 471 10
512 472 10
512 473 10
512 476 10
512 477 10
512 478 10
512 479 10
512 487 10
512 488 10
512 501 10
512 514 10
512 516 10
512 520 10
512 568 10
512 569 10
512 570 10
512 572 10
512 573 10
512 574 10
513 453 10
513 457 10
513 462 10
513 464 10
513 467 10
513 475 10
513 476 10
513 481 10
513 485 10
513 487 10
513 495 10
513 499 10
513 501 10
513 513 10
513 515 10
513 519 10
513 520 10
513 521 10
513 522 10
513 573 10
513 574 10
513 575 10
514 469 10
514 474 10
514 486 10
514 487 10
514 499 10
514 500 10
514 502 10
514 504 10
514 505 10
514 506 10
514 511 10
514 512 10
514 514 10
514 516 10
514 517 10
514 519 10
514 569 10
514 570 10
514 574 10
515 456 10
515 475 10
515 477 10
515 481 10
515 485 10
515 487 10
515 489 10
515 497 10
515 505 10
515 510 10
515 514 10
515 515 10
515 517 10
515 573 10
515 576 10
515 580 10
515 581 10
515 582 10
516 473 10
516 477 10
516 478 10
516 480 10
516 482 10
516 483 10
516 486 10
516 487 10
516 488 10
516 502 10
516 503 10
516 505 10
516 508 10
516 512 10
516 515 10
516 519 10
516 568 10
516 570 10
516 574 10
516 575 10
516 576 10
517 470 10
517 479 10
517 480 10
517 483 10
517 485 10
517 490 10
517 495 10
517 503 10
517 504 10
517 506 10
517 509 10
517 511 10
517 516 10
517 573 10
517 575 10
517 580 10
517 582 10
518 468 10
518 469 10
518 478 10
518 479 10
518 481 10
518 482 10
518 485 10
518 486 10
518 487 10
518 488 10
518 489 10
518 490 10
518 493 10
518 494 10
518 497 10
518 499 10
518 504 10
518 505 10
518 506 10
518 507 10
518 511 10
518 512 10
518 514 10
518 515 10
518 517 10
518 519 10
518 522 10
518 550 10
518 551 10
518 572 10
518 576 10
519 469 10
519 470 10
519 476 10
519 479 10
519 480 10
519 483 10
519 484 10
519 485 10
519 496 10
519 502 10
519 503 10
519 504 10
519 506 10
519 507 10
519 508 10
519 510 10
519 511 10
519 516 10
519 519 10
519 520 10
519 524 10
519 548 10
519 550 10
519 573 10
519 579 10
520 468 10
520 476 10
520 481 10
520 484 10
520 485 10
520 486 10
520 488 10
520 494 10
520 499 10
520 501 10
520 506 10
520 508 10
520 509 10
520 513 10
520 514 10
520 519 10
520 522 10
520 539 10
520 548 10
520 549 10
520 573 10
520 575 10
520 579 10
521 469 10
521 471 10
521 472 10
521 473 10
521 475 10
521 476 10
521 483 10
521 484 10
521 486 10
521 490 10
521 491 10
521 494 10
521 497 10
521 499 10
521 501 10
521 502 10
521 506 10
521 509 10
521 510 10
521 512 10
521 516 10
521 517 10
521 519 10
521 521 10
521 522 10
521 524 10
521 530 10
521 538 10
521 545 10
521 577 10
522 468 10
522 471 10
522 481 10
522 494 10
522 501 10
522 503 10
522 504 10
522 505 10
522 506 10
522 507 10
522 508 10
522 509 10
522 511 10
522 513 10
522 515 10
522 517 10
522 518 10
522 521 10
522 524 10
522 528 10
522 529 10
522 536 10
522 538 10
522 545 10
522 547 10
522 551 10
522 572 10
522 574 10
523 470 10
523 472 10
523 475 10
523 476 10
523 487 10
523 489 10
523 499 10
523 502 10
523 506 10
523 508 10
523 510 10
523 511 10
523 513 10
523 514 10
523 515 10
523 521 10
523 523 10
523 524 10
523 526 10
523 530 10
523 531 10
523 532 10
523 535 10
523 538 10
523 550 10
523 552 10
524 471 10
524 476 10
524 480 10
524 499 10
524 501 10
524 502 10
524 503 10
524 504 10
524 505 10
524 509 10
524 510 10
524 512 10
524 513 10
524 514 10
524 516 10
524 527 10
524 528 10
524 551 10
525 472 10
525 474 10
525 476 10
525 498 10
525 503 10
525 507 10
525 508 10
525 510 10
525 511 10
525 512 10
525 513 10
525 514 10
525 515 10
525 520 10
525 525 10
525 526 10
525 529 10
525 531 10
525 534 10
525 535 10
525 549 10
525 551 10
525 587 10
525 589 10
526 469 10
526 470 10
526 473 10
526 474 10
526 475 10
526 503 10
526 504 10
526 507 10
526 508 10
526 511 10
526 512 10
526 518 10
526 519 10
526 525 10
526 529 10
526 530 10
526 533 10
526 547 10
527 469 10
527 470 10
527 472 10
527 473 10
527 476 10
527 477 10
527 478 10
527 504 10
527 506 10
527 508 10
527 510 10
527 513 10
527 514 10
527 516 10
527 517 10
527 522 10
527 524 10
527 526 10
527 527 10
527 528 10
527 532 10
527 534 10
527 547 10
528 470 10
528 475 10
528 477 10
528 508 10
528 511 10
528 512 10
528 519 10
528 520 10
528 525 10
528 526 10
528 530 10
528 532 10
528 533 10
528 534 10
529 472 10
529 476 10
529 506 10
529 515 10
529 521 10
529 525 10
529 527 10
529 528 10
529 529 10
529 530 10
529 531 10
529 532 10
530 466 10
530 470 10
530 474 10
530 476 10
530 494 10
530 514 10
530 521 10
530 522 10
530 525 10
530 526 10
530 527 10
530 531 10
530 533 10
530 547 10
531 496 10
531 516 10
531 518 10
531 519 10
531 520 10
531 522 10
531 523 10
531 524 10
531 525 10
531 526 10
531 528 10
531 529 10
532 465 10
532 466 10
532 469 10
532 511 10
532 512 10
532 514 10
532 517 10
532 518 10
532 523 10
532 524 10
532 525 10
532 526 10
532 527 10
532 528 10
532 529 10
532 531 10
532 555 10
533 465 10
533 508 10
533 509 10
533 511 10
533 512 10
533 513 10
533 514 10
533 515 10
533 516 10
533 521 10
533 526 10
533 529 10
533 530 10
533 534 10
533 536 10
534 466 10
534 509 10
534 511 10
534 513 10
534 514 10
534 516 10
534 518 10
534 520 10
534 527 10
534 529 10
534 535 10
534 554 10
534 556 10
535 466 10
535 468 10
535 470 10
535 509 10
535 510 10
535 511 10
535 513 10
535 516 10
535 517 10
535 519 10
535 520 10
535 523 10
535 526 10
535 527 10
535 528 10
536 470 10
536 513 10
536 514 10
536 515 10
536 517 10
536 521 10
536 523 10
536 524 10
536 526 10
536 527 10
536 529 10
536 530 10
536 533 10
536 535 10
536 547 10
536 552 10
537 508 10
537 514 10
537 516 10
537 517 10
537 519 10
537 520 10
537 521 10
537 524 10
537 526 10
537 528 10
537 532 10
538 510 10
538 511 10
538 513 10
538 515 10
538 520 10
538 521 10
538 522 10
538 523 10
539 508 10
539 511 10
539 512 10
539 514 10
539 515 10
539 517 10
539 519 10
539 524 10
539 526 10
539 528 10
539 535 10
540 511 10
540 516 10
540 518 10
540 524 10
540 525 10
540 528 10
540 529 10
540 533 10
540 536 10
541 509 10
541 511 10
541 512 10
541 513 10
541 514 10
541 516 10
541 520 10
541 521 10
541 528 10
541 533 10
541 534 10
541 544 10
542 513 10
542 515 10
542 519 10
542 520 10
542 531 10
542 536 10
542 537 10
543 506 10
543 507 10
543 516 10
543 517 10
543 520 10
543 525 10
543 530 10
543 531 10
543 533 10
543 535 10
543 537 10
543 546 10
544 508 10
544 510 10
544 517 10
544 518 10
544 520 10
544 523 10
544 526 10
544 527 10
544 529 10
544 535 10
545 507 10
545 508 10
545 512 10
545 514 10
545 517 10
545 518 10
545 519 10
545 521 10
545 523 10
545 529 10
545 534 10
545 546 10
546 503 10
546 505 10
546 507 10
546 509 10
546 510 10
546 511 10
546 512 10
546 517 10
546 527 10
546 531 10
546 532 10
546 534 10
547 504 10
547 508 10
547 509 10
547 511 10
547 512 10
547 520 10
547 528 10
547 534 10
548 503 10
548 505 10
548 507 10
548 510 10
548 512 10
548 514 10
548 516 10
548 525 10
548 536 10
549 503 10
549 504 10
549 506 10
549 507 10
549 508 10
549 509 10
549 510 10
549 511 10
549 513 10
549 530 10
549 537 10
550 500 10
550 502 10
550 503 10
550 505 10
550 506 10
550 508 10
550 509 10
550 513 10
550 515 10
550 516 10
550 517 10
551 499 10
551 501 10
551 502 10
551 503 10
551 504 10
551 505 10
551 506 10
551 507 10
551 508 10
551 510 10
551 512 10
551 521 10
551 539 10
552 502 10
552 504 10
552 505 10
552 506 10
552 508 10
552 509 10
552 510 10
552 515 10
552 516 10
553 500 10
553 501 10
553 502 10
553 503 10
553 504 10
553 507 10
553 519 10
553 520 10
553 536 10
553 541 10
554 501 10
554 507 10
554 508 10
554 518 10
554 524 10
554 536 10
555 500 10
555 506 10
555 508 10
555 518 10
556 506 10
556 509 10
556 511 10
556 516 10
556 521 10
556 522 10
556 533 10
556 534 10
556 537 10
557 510 10
557 513 10
557 518 10
557 524 10
557 535 10
557 537 10
558 518 10
558 520 10
558 523 10
558 532 10
558 534 10
558 535 10
559 520 10
559 525 10
559 533 10
559 538 10
560 511 10
560 521 10
560 523 10
560 533 10
560 534 10
560 535 10
560 536 10
560 538 10
560 540 10
561 523 10
561 526 10
561 537 10
561 538 10
562 509 10
562 510 10
562 526 10
562 531 10
562 532 10
562 535 10
562 539 10
562 564 10
563 537 10
564 532 10
564 534 10
564 535 10
564 537 10
564 538 10
564 540 10
564 567 10
565 530 10
565 531 10
565 534 10
565 535 10
566 528 10
566 536 10
566 567 10
567 529 10
567 531 10
567 532 10
567 533 10
567 534 10
567 541 10
568 526 10
568 528 10
568 529 10
568 530 10
568 532 10
568 536 10
569 528 10
569 531 10
569 533 10
569 534 10
569 536 10
569 537 10
570 528 10
570 529 10
570 530 10
570 531 10
570 533 10
570 534 10
570 535 10
571 527 10
571 528 10
571 529 10
571 530 10
571 531 10
571 532 10
571 533 10
571 534 10
572 527 10
572 529 10
572 530 10
572 532 10
572 533 10
573 531 10
573 533 10
