1024
426 566 10
426 579 10
427 567 10
428 565 10
428 569 10
428 572 10
428 573 10
429 567 10
429 574 10
429 579 10
429 582 10
430 565 10
430 568 10
430 570 10
430 572 10
430 573 10
430 582 10
431 565 10
431 566 10
431 568 10
431 570 10
431 575 10
431 577 10
432 566 10
432 567 10
432 568 10
432 571 10
432 572 10
432 573 10
432 575 10
432 580 10
433 567 10
433 570 10
433 572 10
433 575 10
433 577 10
434 568 10
434 571 10
434 572 10
434 573 10
434 574 10
434 575 10
434 576 10
434 581 10
435 572 10
435 574 10
435 581 10
436 569 10
436 570 10
436 572 10
436 573 10
436 574 10
436 576 10
436 579 10
437 575 10
437 581 10
437 584 10
438 573 10
438 578 10
439 577 10
439 579 10
439 581 10
439 583 10
439 584 10
441 568 10
441 577 10
441 581 10
442 565 10
442 567 10
442 571 10
442 578 10
443 560 10
443 562 10
443 567 10
443 568 10
443 570 10
443 572 10
443 573 10
443 574 10
444 558 10
444 564 10
444 566 10
444 568 10
444 578 10
444 579 10
444 581 10
445 556 10
445 560 10
445 562 10
445 566 10
445 567 10
445 571 10
445 572 10
445 573 10
445 579 10
445 582 10
445 585 10
446 556 10
446 560 10
446 562 10
446 564 10
446 570 10
446 572 10
446 577 10
446 578 10
446 579 10
447 561 10
447 563 10
447 564 10
447 565 10
447 566 10
447 572 10
447 577 10
447 578 10
447 579 10
448 556 10
448 557 10
448 560 10
448 561 10
448 565 10
448 567 10
448 568 10
448 575 10
448 576 10
448 577 10
448 578 10
448 579 10
448 581 10
448 593 10
449 558 10
449 561 10
449 562 10
449 565 10
449 566 10
449 567 10
449 569 10
449 573 10
449 574 10
449 576 10
449 577 10
449 578 10
449 581 10
450 558 10
450 561 10
450 567 10
450 570 10
450 573 10
450 574 10
450 576 10
450 579 10
450 588 10
450 589 10
451 557 10
451 563 10
451 564 10
451 565 10
451 567 10
451 568 10
451 574 10
451 575 10
451 576 10
451 577 10
451 580 10
451 581 10
451 585 10
451 589 10
451 592 10
451 600 10
452 517 10
452 519 10
452 541 10
452 543 10
452 558 10
452 561 10
452 563 10
452 564 10
452 565 10
452 569 10
452 573 10
452 574 10
452 576 10
452 577 10
452 589 10
452 593 10
452 595 10
452 596 10
452 597 10
453 487 10
453 490 10
453 491 10
453 492 10
453 518 10
453 522 10
453 525 10
453 555 10
453 556 10
453 557 10
453 558 10
453 561 10
453 572 10
453 573 10
453 574 10
453 575 10
453 576 10
453 577 10
453 578 10
453 581 10
453 582 10
453 593 10
453 594 10
453 596 10
453 600 10
454 487 10
454 488 10
454 523 10
454 526 10
454 543 10
454 555 10
454 557 10
454 558 10
454 568 10
454 570 10
454 571 10
454 575 10
454 576 10
454 579 10
454 592 10
454 594 10
454 597 10
454 599 10
455 491 10
455 510 10
455 512 10
455 520 10
455 521 10
455 522 10
455 525 10
455 535 10
455 539 10
455 555 10
455 558 10
455 559 10
455 560 10
455 562 10
455 563 10
455 564 10
455 566 10
455 570 10
455 571 10
455 572 10
455 574 10
455 577 10
455 578 10
455 588 10
455 591 10
455 595 10
455 596 10
455 597 10
456 486 10
456 488 10
456 492 10
456 493 10
456 496 10
456 499 10
456 512 10
456 513 10
456 515 10
456 519 10
456 521 10
456 522 10
456 523 10
456 525 10
456 526 10
456 528 10
456 538 10
456 553 10
456 554 10
456 555 10
456 557 10
456 559 10
456 563 10
456 564 10
456 565 10
456 566 10
456 567 10
456 568 10
456 572 10
456 575 10
456 576 10
456 578 10
456 580 10
456 588 10
456 594 10
456 596 10
457 487 10
457 497 10
457 499 10
457 501 10
457 509 10
457 511 10
457 514 10
457 515 10
457 519 10
457 526 10
457 531 10
457 533 10
457 547 10
457 552 10
457 553 10
457 555 10
457 556 10
457 559 10
457 560 10
457 562 10
457 563 10
457 568 10
457 570 10
457 571 10
457 573 10
457 574 10
457 576 10
457 577 10
457 580 10
457 588 10
457 590 10
457 591 10
457 593 10
457 596 10
457 598 10
458 488 10
458 490 10
458 492 10
458 499 10
458 512 10
458 516 10
458 517 10
458 518 10
458 520 10
458 524 10
458 531 10
458 536 10
458 541 10
458 542 10
458 552 10
458 554 10
458 556 10
458 560 10
458 561 10
458 562 10
458 563 10
458 564 10
458 565 10
458 566 10
458 568 10
458 569 10
458 571 10
458 573 10
458 574 10
458 578 10
458 582 10
458 585 10
458 590 10
458 596 10
458 597 10
459 495 10
459 497 10
459 510 10
459 512 10
459 514 10
459 518 10
459 519 10
459 520 10
459 521 10
459 531 10
459 535 10
459 537 10
459 540 10
459 542 10
459 545 10
459 555 10
459 556 10
459 558 10
459 561 10
459 562 10
459 563 10
459 567 10
459 568 10
459 573 10
459 574 10
459 576 10
459 591 10
459 594 10
459 595 10
459 599 10
460 491 10
460 496 10
460 498 10
460 500 10
460 515 10
460 536 10
460 537 10
460 540 10
460 543 10
460 552 10
460 553 10
460 554 10
460 555 10
460 556 10
460 558 10
460 559 10
460 560 10
460 562 10
460 563 10
460 564 10
460 565 10
460 567 10
460 568 10
460 570 10
460 571 10
460 573 10
460 579 10
460 581 10
460 583 10
460 584 10
460 586 10
460 588 10
460 589 10
460 592 10
460 593 10
461 489 10
461 491 10
461 495 10
461 496 10
461 498 10
461 499 10
461 500 10
461 507 10
461 509 10
461 510 10
461 512 10
461 515 10
461 520 10
461 535 10
461 536 10
461 537 10
461 538 10
461 539 10
461 541 10
461 542 10
461 544 10
461 545 10
461 553 10
461 555 10
461 556 10
461 559 10
461 561 10
461 563 10
461 564 10
461 565 10
461 568 10
461 569 10
461 571 10
461 572 10
461 573 10
461 575 10
461 576 10
461 577 10
461 578 10
461 581 10
461 586 10
461 587 10
461 588 10
461 589 10
461 593 10
461 599 10
462 493 10
462 496 10
462 497 10
462 499 10
462 512 10
462 513 10
462 514 10
462 516 10
462 518 10
462 522 10
462 524 10
462 525 10
462 526 10
462 527 10
462 536 10
462 538 10
462 539 10
462 540 10
462 541 10
462 543 10
462 545 10
462 547 10
462 555 10
462 557 10
462 559 10
462 561 10
462 562 10
462 563 10
462 565 10
462 566 10
462 567 10
462 568 10
462 570 10
462 572 10
462 575 10
462 576 10
462 577 10
462 578 10
462 580 10
462 582 10
462 585 10
462 587 10
462 589 10
462 590 10
462 592 10
463 496 10
463 498 10
463 505 10
463 508 10
463 509 10
463 518 10
463 522 10
463 524 10
463 525 10
463 527 10
463 528 10
463 529 10
463 534 10
463 535 10
463 536 10
463 539 10
463 542 10
463 543 10
463 545 10
463 557 10
463 558 10
463 561 10
463 562 10
463 564 10
463 568 10
463 570 10
463 571 10
463 573 10
463 574 10
463 575 10
463 576 10
463 577 10
463 583 10
463 585 10
464 451 10
464 501 10
464 505 10
464 512 10
464 515 10
464 517 10
464 518 10
464 520 10
464 526 10
464 527 10
464 535 10
464 536 10
464 537 10
464 538 10
464 540 10
464 541 10
464 542 10
464 546 10
464 555 10
464 563 10
464 565 10
464 567 10
464 568 10
464 569 10
464 573 10
464 577 10
464 578 10
464 579 10
464 582 10
464 586 10
464 587 10
464 588 10
464 589 10
465 449 10
465 450 10
465 451 10
465 496 10
465 500 10
465 504 10
465 509 10
465 516 10
465 520 10
465 521 10
465 522 10
465 523 10
465 524 10
465 527 10
465 529 10
465 530 10
465 532 10
465 539 10
465 540 10
465 543 10
465 545 10
465 546 10
465 556 10
465 562 10
465 563 10
465 564 10
465 571 10
465 572 10
465 573 10
465 574 10
465 575 10
465 578 10
465 579 10
465 580 10
465 583 10
466 449 10
466 451 10
466 495 10
466 500 10
466 501 10
466 503 10
466 506 10
466 508 10
466 511 10
466 512 10
466 513 10
466 514 10
466 515 10
466 517 10
466 518 10
466 520 10
466 524 10
466 525 10
466 526 10
466 527 10
466 528 10
466 530 10
466 533 10
466 535 10
466 536 10
466 538 10
466 540 10
466 542 10
466 544 10
466 548 10
466 562 10
466 565 10
466 571 10
466 573 10
466 575 10
466 578 10
466 579 10
466 582 10
466 584 10
466 588 10
467 487 10
467 488 10
467 489 10
467 498 10
467 504 10
467 510 10
467 512 10
467 516 10
467 517 10
467 519 10
467 520 10
467 521 10
467 523 10
467 524 10
467 525 10
467 526 10
467 527 10
467 528 10
467 529 10
467 530 10
467 531 10
467 533 10
467 536 10
467 537 10
467 538 10
467 540 10
467 541 10
467 544 10
467 546 10
467 548 10
467 549 10
467 563 10
467 564 10
467 565 10
467 567 10
467 569 10
467 571 10
467 572 10
467 573 10
467 574 10
467 575 10
467 576 10
467 579 10
467 580 10
467 581 10
467 585 10
467 589 10
468 463 10
468 475 10
468 477 10
468 496 10
468 504 10
468 506 10
468 510 10
468 512 10
468 514 10
468 519 10
468 521 10
468 522 10
468 523 10
468 524 10
468 526 10
468 528 10
468 530 10
468 536 10
468 537 10
468 538 10
468 541 10
468 543 10
468 544 10
468 547 10
468 548 10
468 549 10
468 561 10
468 564 10
468 567 10
468 569 10
468 574 10
468 576 10
468 577 10
468 578 10
468 580 10
468 582 10
468 584 10
468 585 10
468 588 10
468 589 10
468 591 10
469 442 10
469 458 10
469 460 10
469 461 10
469 462 10
469 464 10
469 486 10
469 487 10
469 494 10
469 503 10
469 513 10
469 514 10
469 518 10
469 520 10
469 522 10
469 523 10
469 525 10
469 526 10
469 528 10
469 530 10
469 535 10
469 537 10
469 538 10
469 539 10
469 540 10
469 541 10
469 542 10
469 543 10
469 544 10
469 546 10
469 549 10
469 562 10
469 563 10
469 564 10
469 565 10
469 566 10
469 567 10
469 572 10
469 574 10
469 575 10
469 578 10
469 580 10
469 582 10
469 583 10
469 586 10
470 443 10
470 458 10
470 460 10
470 474 10
470 480 10
470 494 10
470 496 10
470 502 10
470 503 10
470 504 10
470 505 10
470 510 10
470 516 10
470 518 10
470 519 10
470 520 10
470 521 10
470 523 10
470 526 10
470 527 10
470 528 10
470 529 10
470 530 10
470 532 10
470 536 10
470 538 10
470 539 10
470 540 10
470 542 10
470 544 10
470 546 10
470 548 10
470 549 10
470 561 10
470 562 10
470 564 10
470 567 10
470 568 10
470 569 10
470 570 10
470 571 10
470 575 10
470 576 10
470 577 10
470 579 10
470 580 10
470 581 10
470 583 10
470 585 10
471 435 10
471 444 10
471 453 10
471 457 10
471 462 10
471 467 10
471 479 10
471 494 10
471 496 10
471 499 10
471 500 10
471 501 10
471 519 10
471 521 10
471 525 10
471 526 10
471 527 10
471 537 10
471 538 10
471 539 10
471 540 10
471 541 10
471 542 10
471 547 10
471 548 10
471 559 10
471 564 10
471 567 10
471 573 10
471 575 10
471 577 10
471 578 10
471 579 10
471 580 10
471 581 10
471 582 10
471 583 10
471 585 10
472 437 10
472 440 10
472 441 10
472 442 10
472 446 10
472 453 10
472 467 10
472 471 10
472 472 10
472 479 10
472 481 10
472 492 10
472 495 10
472 496 10
472 497 10
472 500 10
472 502 10
472 504 10
472 508 10
472 515 10
472 517 10
472 519 10
472 520 10
472 521 10
472 523 10
472 524 10
472 532 10
472 534 10
472 539 10
472 544 10
472 545 10
472 549 10
472 550 10
472 559 10
472 564 10
472 565 10
472 566 10
472 567 10
472 571 10
472 572 10
472 574 10
472 576 10
472 577 10
472 578 10
472 579 10
472 580 10
472 581 10
472 584 10
472 585 10
473 440 10
473 441 10
473 442 10
473 443 10
473 446 10
473 460 10
473 469 10
473 471 10
473 490 10
473 492 10
473 494 10
473 498 10
473 500 10
473 505 10
473 509 10
473 517 10
473 518 10
473 520 10
473 521 10
473 522 10
473 523 10
473 525 10
473 527 10
473 530 10
473 532 10
473 533 10
473 534 10
473 535 10
473 536 10
473 537 10
473 539 10
473 541 10
473 542 10
473 547 10
473 548 10
473 560 10
473 568 10
473 569 10
473 570 10
473 571 10
473 574 10
473 575 10
473 577 10
473 578 10
473 579 10
473 580 10
473 581 10
473 582 10
473 583 10
473 584 10
473 585 10
473 591 10
473 596 10
473 597 10
473 598 10
474 435 10
474 436 10
474 440 10
474 443 10
474 444 10
474 445 10
474 446 10
474 447 10
474 462 10
474 463 10
474 476 10
474 483 10
474 487 10
474 488 10
474 491 10
474 493 10
474 494 10
474 495 10
474 496 10
474 498 10
474 500 10
474 501 10
474 503 10
474 505 10
474 507 10
474 510 10
474 513 10
474 517 10
474 520 10
474 521 10
474 522 10
474 523 10
474 528 10
474 530 10
474 535 10
474 537 10
474 539 10
474 545 10
474 546 10
474 548 10
474 564 10
474 566 10
474 573 10
474 575 10
474 576 10
474 579 10
474 581 10
474 582 10
475 440 10
475 441 10
475 442 10
475 445 10
475 446 10
475 456 10
475 459 10
475 460 10
475 461 10
475 462 10
475 487 10
475 489 10
475 491 10
475 493 10
475 494 10
475 496 10
475 497 10
475 501 10
475 502 10
475 503 10
475 505 10
475 507 10
475 510 10
475 514 10
475 517 10
475 518 10
475 519 10
475 520 10
475 522 10
475 524 10
475 526 10
475 533 10
475 535 10
475 546 10
475 549 10
475 570 10
475 572 10
475 577 10
475 579 10
475 580 10
475 583 10
475 584 10
476 436 10
476 440 10
476 441 10
476 443 10
476 444 10
476 447 10
476 450 10
476 454 10
476 457 10
476 460 10
476 463 10
476 464 10
476 472 10
476 476 10
476 479 10
476 484 10
476 489 10
476 491 10
476 492 10
476 493 10
476 494 10
476 495 10
476 496 10
476 497 10
476 500 10
476 502 10
476 507 10
476 510 10
476 512 10
476 514 10
476 515 10
476 518 10
476 519 10
476 520 10
476 524 10
476 525 10
476 526 10
476 528 10
476 529 10
476 532 10
476 533 10
476 534 10
476 536 10
476 537 10
476 540 10
476 542 10
476 543 10
476 544 10
476 572 10
476 573 10
476 576 10
476 578 10
476 580 10
476 581 10
476 582 10
476 584 10
477 440 10
477 443 10
477 445 10
477 447 10
477 448 10
477 450 10
477 451 10
477 453 10
477 456 10
477 459 10
477 460 10
477 461 10
477 463 10
477 465 10
477 470 10
477 472 10
477 473 10
477 475 10
477 476 10
477 486 10
477 488 10
477 489 10
477 493 10
477 494 10
477 496 10
477 497 10
477 498 10
477 499 10
477 504 10
477 505 10
477 508 10
477 510 10
477 513 10
477 516 10
477 518 10
477 519 10
477 521 10
477 524 10
477 528 10
477 530 10
477 533 10
477 534 10
477 535 10
477 538 10
477 540 10
477 542 10
477 543 10
477 544 10
477 545 10
477 546 10
477 571 10
477 573 10
477 576 10
477 579 10
477 581 10
477 583 10
478 439 10
478 442 10
478 444 10
478 450 10
478 451 10
478 452 10
478 453 10
478 454 10
478 457 10
478 458 10
478 459 10
478 461 10
478 462 10
478 465 10
478 468 10
478 469 10
478 470 10
478 471 10
478 472 10
478 474 10
478 475 10
478 476 10
478 477 10
478 478 10
478 488 10
478 490 10
478 491 10
478 492 10
478 493 10
478 494 10
478 496 10
478 502 10
478 505 10
478 506 10
478 508 10
478 510 10
478 511 10
478 512 10
478 514 10
478 520 10
478 523 10
478 526 10
478 532 10
478 533 10
478 535 10
478 536 10
478 538 10
478 540 10
478 542 10
478 543 10
478 559 10
478 561 10
478 563 10
478 564 10
478 574 10
478 577 10
479 441 10
479 445 10
479 446 10
479 447 10
479 451 10
479 453 10
479 454 10
479 457 10
479 460 10
479 461 10
479 465 10
479 469 10
479 471 10
479 473 10
479 491 10
479 494 10
479 495 10
479 496 10
479 497 10
479 499 10
479 502 10
479 507 10
479 508 10
479 510 10
479 512 10
479 514 10
479 516 10
479 517 10
479 520 10
479 526 10
479 528 10
479 532 10
479 533 10
479 534 10
479 535 10
479 537 10
479 541 10
479 542 10
479 544 10
479 550 10
479 560 10
479 562 10
479 564 10
479 567 10
479 568 10
479 574 10
479 575 10
479 577 10
480 441 10
480 443 10
480 446 10
480 455 10
480 457 10
480 459 10
480 462 10
480 464 10
480 465 10
480 466 10
480 467 10
480 469 10
480 470 10
480 473 10
480 475 10
480 476 10
480 493 10
480 495 10
480 496 10
480 498 10
480 502 10
480 505 10
480 510 10
480 511 10
480 512 10
480 513 10
480 515 10
480 516 10
480 518 10
480 520 10
480 522 10
480 527 10
480 530 10
480 532 10
480 533 10
480 535 10
480 536 10
480 537 10
480 542 10
480 544 10
480 545 10
480 546 10
480 553 10
480 563 10
480 564 10
480 565 10
480 566 10
480 567 10
480 568 10
480 573 10
480 574 10
480 577 10
480 579 10
481 441 10
481 442 10
481 443 10
481 444 10
481 445 10
481 447 10
481 448 10
481 453 10
481 455 10
481 456 10
481 459 10
481 464 10
481 467 10
481 468 10
481 469 10
481 471 10
481 473 10
481 492 10
481 494 10
481 499 10
481 502 10
481 504 10
481 506 10
481 507 10
481 508 10
481 510 10
481 514 10
481 516 10
481 518 10
481 520 10
481 522 10
481 524 10
481 530 10
481 531 10
481 532 10
481 533 10
481 534 10
481 535 10
481 537 10
481 539 10
481 550 10
481 560 10
481 561 10
481 572 10
481 574 10
482 440 10
482 441 10
482 443 10
482 444 10
482 448 10
482 450 10
482 452 10
482 454 10
482 459 10
482 463 10
482 469 10
482 470 10
482 472 10
482 475 10
482 489 10
482 497 10
482 509 10
482 510 10
482 515 10
482 517 10
482 522 10
482 523 10
482 526 10
482 532 10
482 534 10
482 535 10
482 536 10
482 543 10
482 563 10
482 569 10
482 570 10
482 575 10
482 576 10
482 577 10
482 578 10
483 445 10
483 449 10
483 453 10
483 456 10
483 457 10
483 459 10
483 460 10
483 463 10
483 465 10
483 467 10
483 469 10
483 470 10
483 471 10
483 472 10
483 475 10
483 498 10
483 499 10
483 509 10
483 513 10
483 517 10
483 524 10
483 530 10
483 531 10
483 534 10
483 535 10
483 537 10
483 538 10
483 539 10
483 540 10
483 541 10
483 553 10
483 555 10
483 570 10
483 572 10
483 574 10
483 577 10
483 578 10
484 443 10
484 444 10
484 446 10
484 450 10
484 453 10
484 454 10
484 456 10
484 458 10
484 459 10
484 461 10
484 465 10
484 466 10
484 467 10
484 468 10
484 482 10
484 489 10
484 492 10
484 506 10
484 508 10
484 511 10
484 512 10
484 513 10
484 516 10
484 518 10
484 523 10
484 529 10
484 530 10
484 531 10
484 533 10
484 535 10
484 536 10
484 537 10
484 538 10
484 540 10
484 548 10
484 570 10
484 572 10
484 573 10
484 575 10
484 576 10
484 578 10
484 579 10
485 441 10
485 442 10
485 443 10
485 444 10
485 446 10
485 447 10
485 448 10
485 450 10
485 452 10
485 454 10
485 456 10
485 457 10
485 458 10
485 463 10
485 465 10
485 466 10
485 479 10
485 480 10
485 495 10
485 501 10
485 505 10
485 509 10
485 510 10
485 511 10
485 521 10
485 531 10
485 533 10
485 535 10
485 537 10
485 539 10
485 540 10
485 541 10
485 542 10
485 550 10
485 567 10
485 574 10
485 577 10
485 580 10
486 442 10
486 444 10
486 449 10
486 454 10
486 461 10
486 463 10
486 464 10
486 466 10
486 467 10
486 468 10
486 478 10
486 489 10
486 495 10
486 496 10
486 498 10
486 499 10
486 500 10
486 502 10
486 504 10
486 506 10
486 507 10
486 508 10
486 511 10
486 513 10
486 516 10
486 518 10
486 530 10
486 538 10
486 540 10
486 543 10
486 545 10
486 572 10
486 574 10
486 575 10
486 578 10
486 579 10
487 443 10
487 451 10
487 452 10
487 453 10
487 456 10
487 457 10
487 458 10
487 459 10
487 463 10
487 466 10
487 468 10
487 470 10
487 471 10
487 475 10
487 478 10
487 479 10
487 489 10
487 491 10
487 492 10
487 498 10
487 501 10
487 502 10
487 503 10
487 505 10
487 506 10
487 508 10
487 512 10
487 513 10
487 514 10
487 524 10
487 526 10
487 528 10
487 529 10
487 531 10
487 535 10
487 539 10
487 540 10
487 542 10
487 573 10
487 574 10
487 575 10
487 576 10
487 577 10
487 578 10
488 451 10
488 454 10
488 458 10
488 460 10
488 462 10
488 464 10
488 467 10
488 476 10
488 480 10
488 487 10
488 489 10
488 491 10
488 497 10
488 498 10
488 501 10
488 502 10
488 504 10
488 506 10
488 508 10
488 511 10
488 512 10
488 513 10
488 514 10
488 515 10
488 516 10
488 521 10
488 524 10
488 527 10
488 531 10
488 537 10
488 539 10
488 540 10
488 548 10
488 575 10
488 576 10
488 578 10
488 581 10
489 434 10
489 436 10
489 438 10
489 439 10
489 440 10
489 442 10
489 443 10
489 445 10
489 451 10
489 454 10
489 457 10
489 458 10
489 459 10
489 461 10
489 465 10
489 466 10
489 469 10
489 470 10
489 472 10
489 476 10
489 486 10
489 491 10
489 493 10
489 495 10
489 496 10
489 497 10
489 498 10
489 501 10
489 502 10
489 503 10
489 505 10
489 507 10
489 510 10
489 520 10
489 522 10
489 529 10
489 531 10
489 532 10
489 533 10
489 536 10
489 541 10
489 542 10
489 544 10
489 547 10
489 548 10
489 574 10
489 575 10
489 577 10
489 578 10
489 579 10
489 580 10
490 440 10
490 442 10
490 445 10
490 450 10
490 458 10
490 460 10
490 462 10
490 463 10
490 464 10
490 468 10
490 471 10
490 472 10
490 474 10
490 476 10
490 477 10
490 478 10
490 488 10
490 489 10
490 490 10
490 491 10
490 492 10
490 493 10
490 496 10
490 497 10
490 498 10
490 499 10
490 500 10
490 503 10
490 504 10
490 505 10
490 506 10
490 507 10
490 509 10
490 510 10
490 512 10
490 519 10
490 525 10
490 526 10
490 528 10
490 535 10
490 539 10
490 541 10
490 544 10
490 546 10
490 547 10
490 575 10
491 437 10
491 438 10
491 439 10
491 440 10
491 441 10
491 442 10
491 449 10
491 454 10
491 456 10
491 457 10
491 458 10
491 459 10
491 461 10
491 463 10
491 464 10
491 465 10
491 469 10
491 473 10
491 474 10
491 476 10
491 477 10
491 478 10
491 480 10
491 485 10
491 488 10
491 490 10
491 491 10
491 492 10
491 493 10
491 497 10
491 499 10
491 501 10
491 505 10
491 506 10
491 507 10
491 508 10
491 510 10
491 512 10
491 518 10
491 523 10
491 524 10
491 528 10
491 531 10
491 532 10
491 533 10
491 535 10
491 536 10
491 541 10
491 545 10
491 574 10
491 575 10
491 580 10
492 439 10
492 441 10
492 456 10
492 457 10
492 459 10
492 460 10
492 462 10
492 463 10
492 465 10
492 466 10
492 467 10
492 468 10
492 469 10
492 470 10
492 471 10
492 472 10
492 473 10
492 474 10
492 475 10
492 476 10
492 478 10
492 482 10
492 483 10
492 484 10
492 485 10
492 487 10
492 488 10
492 489 10
492 490 10
492 491 10
492 493 10
492 494 10
492 495 10
492 496 10
492 498 10
492 501 10
492 503 10
492 508 10
492 510 10
492 514 10
492 518 10
492 521 10
492 525 10
492 526 10
492 528 10
492 530 10
492 531 10
492 538 10
492 539 10
492 540 10
492 541 10
492 544 10
492 547 10
493 429 10
493 431 10
493 432 10
493 441 10
493 457 10
493 461 10
493 463 10
493 464 10
493 465 10
493 466 10
493 469 10
493 472 10
493 474 10
493 475 10
493 476 10
493 477 10
493 478 10
493 479 10
493 482 10
493 485 10
493 486 10
493 488 10
493 489 10
493 490 10
493 491 10
493 493 10
493 495 10
493 498 10
493 501 10
493 502 10
493 506 10
493 507 10
493 508 10
493 509 10
493 512 10
493 514 10
493 515 10
493 516 10
493 519 10
493 521 10
493 523 10
493 526 10
493 527 10
493 531 10
493 534 10
493 540 10
493 542 10
493 543 10
493 545 10
493 546 10
494 431 10
494 432 10
494 437 10
494 456 10
494 457 10
494 461 10
494 462 10
494 464 10
494 465 10
494 466 10
494 467 10
494 468 10
494 469 10
494 470 10
494 471 10
494 472 10
494 473 10
494 474 10
494 475 10
494 476 10
494 477 10
494 479 10
494 480 10
494 483 10
494 484 10
494 486 10
494 487 10
494 489 10
494 490 10
494 491 10
494 492 10
494 493 10
494 498 10
494 499 10
494 503 10
494 504 10
494 506 10
494 509 10
494 511 10
494 513 10
494 523 10
494 524 10
494 526 10
494 527 10
494 530 10
494 534 10
494 541 10
495 418 10
495 419 10
495 431 10
495 433 10
495 436 10
495 438 10
495 450 10
495 454 10
495 459 10
495 460 10
495 461 10
495 462 10
495 463 10
495 465 10
495 466 10
495 467 10
495 468 10
495 469 10
495 470 10
495 471 10
495 472 10
495 473 10
495 474 10
495 475 10
495 476 10
495 477 10
495 478 10
495 479 10
495 480 10
495 481 10
495 482 10
495 484 10
495 485 10
495 486 10
495 487 10
495 488 10
495 489 10
495 490 10
495 491 10
495 500 10
495 502 10
495 503 10
495 505 10
495 506 10
495 507 10
495 509 10
495 514 10
495 515 10
495 519 10
495 520 10
495 523 10
495 524 10
495 525 10
495 526 10
495 532 10
495 535 10
495 542 10
495 545 10
495 546 10
495 547 10
496 419 10
496 420 10
496 429 10
496 431 10
496 432 10
496 433 10
496 437 10
496 439 10
496 448 10
496 452 10
496 453 10
496 455 10
496 458 10
496 464 10
496 466 10
496 467 10
496 468 10
496 469 10
496 470 10
496 471 10
496 472 10
496 473 10
496 474 10
496 475 10
496 476 10
496 477 10
496 478 10
496 481 10
496 482 10
496 484 10
496 485 10
496 486 10
496 487 10
496 489 10
496 490 10
496 491 10
496 492 10
496 496 10
496 497 10
496 501 10
496 502 10
496 503 10
496 504 10
496 507 10
496 509 10
496 510 10
496 512 10
496 515 10
496 520 10
496 521 10
496 523 10
496 526 10
496 527 10
496 528 10
496 529 10
496 532 10
496 533 10
496 534 10
496 537 10
496 539 10
496 540 10
497 419 10
497 421 10
497 426 10
497 431 10
497 435 10
497 437 10
497 439 10
497 443 10
497 444 10
497 445 10
497 453 10
497 454 10
497 456 10
497 457 10
497 460 10
497 461 10
497 462 10
497 463 10
497 464 10
497 465 10
497 466 10
497 467 10
497 468 10
497 469 10
497 470 10
497 471 10
497 472 10
497 473 10
497 474 10
497 475 10
497 476 10
497 477 10
497 478 10
497 479 10
497 480 10
497 481 10
497 482 10
497 484 10
497 485 10
497 486 10
497 487 10
497 489 10
497 493 10
497 495 10
497 500 10
497 501 10
497 502 10
497 503 10
497 507 10
497 508 10
497 509 10
497 511 10
497 512 10
497 515 10
497 516 10
497 518 10
497 519 10
497 522 10
497 523 10
497 524 10
497 526 10
497 527 10
497 529 10
497 531 10
497 532 10
497 536 10
497 544 10
497 545 10
498 422 10
498 430 10
498 434 10
498 438 10
498 440 10
498 443 10
498 444 10
498 445 10
498 446 10
498 448 10
498 449 10
498 453 10
498 455 10
498 456 10
498 458 10
498 460 10
498 464 10
498 466 10
498 467 10
498 469 10
498 470 10
498 471 10
498 472 10
498 474 10
498 475 10
498 476 10
498 477 10
498 478 10
498 479 10
498 480 10
498 481 10
498 482 10
498 483 10
498 484 10
498 485 10
498 486 10
498 487 10
498 490 10
498 494 10
498 495 10
498 497 10
498 498 10
498 500 10
498 501 10
498 505 10
498 508 10
498 509 10
498 510 10
498 511 10
498 513 10
498 517 10
498 522 10
498 523 10
498 524 10
498 525 10
498 527 10
498 528 10
498 532 10
498 534 10
498 538 10
498 539 10
498 540 10
498 541 10
498 543 10
498 544 10
498 546 10
499 433 10
499 435 10
499 441 10
499 444 10
499 446 10
499 448 10
499 449 10
499 453 10
499 454 10
499 455 10
499 461 10
499 462 10
499 463 10
499 464 10
499 465 10
499 466 10
499 467 10
499 468 10
499 469 10
499 470 10
499 471 10
499 472 10
499 473 10
499 474 10
499 475 10
499 476 10
499 478 10
499 479 10
499 480 10
499 481 10
499 483 10
499 484 10
499 485 10
499 486 10
499 487 10
499 488 10
499 489 10
499 490 10
499 497 10
499 499 10
499 501 10
499 502 10
499 504 10
499 505 10
499 509 10
499 511 10
499 512 10
499 514 10
499 516 10
499 525 10
499 532 10
499 533 10
499 542 10
499 543 10
499 544 10
499 547 10
500 423 10
500 430 10
500 438 10
500 439 10
500 441 10
500 443 10
500 444 10
500 445 10
500 449 10
500 450 10
500 459 10
500 460 10
500 462 10
500 466 10
500 467 10
500 468 10
500 469 10
500 470 10
500 471 10
500 472 10
500 473 10
500 474 10
500 477 10
500 478 10
500 481 10
500 483 10
500 484 10
500 486 10
500 487 10
500 491 10
500 494 10
500 498 10
500 499 10
500 505 10
500 506 10
500 507 10
500 509 10
500 510 10
500 511 10
500 512 10
500 514 10
500 518 10
500 519 10
500 524 10
500 525 10
500 526 10
500 527 10
500 539 10
500 542 10
500 545 10
500 546 10
500 547 10
501 424 10
501 436 10
501 442 10
501 444 10
501 445 10
501 446 10
501 458 10
501 459 10
501 461 10
501 462 10
501 464 10
501 465 10
501 466 10
501 467 10
501 468 10
501 469 10
501 471 10
501 472 10
501 473 10
501 474 10
501 479 10
501 481 10
501 482 10
501 484 10
501 485 10
501 486 10
501 487 10
501 489 10
501 490 10
501 492 10
501 494 10
501 496 10
501 497 10
501 499 10
501 500 10
501 503 10
501 505 10
501 507 10
501 508 10
501 509 10
501 512 10
501 517 10
501 527 10
501 529 10
501 534 10
501 535 10
501 536 10
501 540 10
501 542 10
501 543 10
501 546 10
501 548 10
502 425 10
502 440 10
502 441 10
502 442 10
502 444 10
502 446 10
502 449 10
502 451 10
502 455 10
502 457 10
502 459 10
502 463 10
502 464 10
502 465 10
502 467 10
502 468 10
502 469 10
502 472 10
502 473 10
502 481 10
502 484 10
502 486 10
502 487 10
502 490 10
502 494 10
502 495 10
502 497 10
502 507 10
502 510 10
502 513 10
502 514 10
502 515 10
502 516 10
502 517 10
502 519 10
502 521 10
502 523 10
502 525 10
502 529 10
502 546 10
502 548 10
502 550 10
503 423 10
503 427 10
503 442 10
503 443 10
503 444 10
503 451 10
503 453 10
503 460 10
503 461 10
503 462 10
503 464 10
503 465 10
503 466 10
503 468 10
503 471 10
503 472 10
503 476 10
503 478 10
503 481 10
503 483 10
503 485 10
503 489 10
503 490 10
503 491 10
503 494 10
503 496 10
503 497 10
503 498 10
503 500 10
503 501 10
503 502 10
503 506 10
503 508 10
503 515 10
503 519 10
503 520 10
503 521 10
503 522 10
503 523 10
503 531 10
503 533 10
503 549 10
504 440 10
504 441 10
504 442 10
504 446 10
504 447 10
504 448 10
504 449 10
504 450 10
504 454 10
504 455 10
504 456 10
504 457 10
504 459 10
504 460 10
504 462 10
504 463 10
504 465 10
504 467 10
504 468 10
504 469 10
504 474 10
504 475 10
504 479 10
504 481 10
504 482 10
504 493 10
504 498 10
504 499 10
504 500 10
504 503 10
504 504 10
504 508 10
504 510 10
504 512 10
504 515 10
504 517 10
504 518 10
504 524 10
504 525 10
504 527 10
504 528 10
504 529 10
504 530 10
504 531 10
504 532 10
504 533 10
504 547 10
505 433 10
505 437 10
505 439 10
505 440 10
505 442 10
505 443 10
505 447 10
505 448 10
505 449 10
505 450 10
505 452 10
505 456 10
505 459 10
505 460 10
505 461 10
505 465 10
505 466 10
505 467 10
505 468 10
505 470 10
505 471 10
505 472 10
505 473 10
505 474 10
505 475 10
505 476 10
505 477 10
505 478 10
505 483 10
505 490 10
505 491 10
505 493 10
505 494 10
505 495 10
505 496 10
505 497 10
505 498 10
505 501 10
505 502 10
505 505 10
505 506 10
505 508 10
505 514 10
505 515 10
505 516 10
505 517 10
505 518 10
505 522 10
505 523 10
505 524 10
505 525 10
505 527 10
505 531 10
505 534 10
505 536 10
505 537 10
505 541 10
505 546 10
505 547 10
505 549 10
506 424 10
506 426 10
506 431 10
506 432 10
506 436 10
506 439 10
506 440 10
506 444 10
506 449 10
506 450 10
506 451 10
506 458 10
506 459 10
506 460 10
506 462 10
506 463 10
506 465 10
506 466 10
506 467 10
506 468 10
506 469 10
506 471 10
506 472 10
506 473 10
506 476 10
506 477 10
506 481 10
506 483 10
506 485 10
506 486 10
506 489 10
506 491 10
506 492 10
506 493 10
506 495 10
506 496 10
506 498 10
506 499 10
506 502 10
506 504 10
506 507 10
506 508 10
506 510 10
506 513 10
506 515 10
506 516 100000
506 519 10
506 521 10
506 525 10
506 527 10
506 532 10
506 534 10
506 535 10
506 538 10
506 539 10
506 543 10
506 546 10
506 548 10
506 549 10
506 551 10
507 434 10
507 435 10
507 436 10
507 438 10
507 439 10
507 442 10
507 446 10
507 448 10
507 449 10
507 456 10
507 458 10
507 461 10
507 462 10
507 465 10
507 467 10
507 470 10
507 471 10
507 472 10
507 473 10
507 474 10
507 477 10
507 478 10
507 479 10
507 481 10
507 482 10
507 483 10
507 484 10
507 485 10
507 486 10
507 487 10
507 489 10
507 491 10
507 492 10
507 493 10
507 496 10
507 499 10
507 500 10
507 506 10
507 507 10
507 509 10
507 511 10
507 515 10
507 516 10
507 517 10
507 518 10
507 521 10
507 524 10
507 525 10
507 531 10
507 535 10
507 536 10
507 538 10
507 540 10
507 541 10
507 543 10
507 548 10
507 549 10
507 550 10
508 424 10
508 426 10
508 428 10
508 430 10
508 433 10
508 434 10
508 439 10
508 440 10
508 441 10
508 444 10
508 445 10
508 449 10
508 452 10
508 454 10
508 457 10
508 458 10
508 459 10
508 460 10
508 464 10
508 465 10
508 466 10
508 468 10
508 472 10
508 473 10
508 478 10
508 479 10
508 480 10
508 481 10
508 483 10
508 486 10
508 491 10
508 492 10
508 493 10
508 494 10
508 495 10
508 496 10
508 497 10
508 501 10
508 508 10
508 512 10
508 513 10
508 514 10
508 515 10
508 518 10
508 523 10
508 527 10
508 532 10
508 534 10
508 536 10
508 537 10
508 539 10
508 540 10
508 542 10
508 543 10
508 547 10
508 548 10
508 549 10
508 550 10
509 426 10
509 430 10
509 437 10
509 440 10
509 442 10
509 446 10
509 447 10
509 452 10
509 453 10
509 455 10
509 456 10
509 457 10
509 458 10
509 460 10
509 463 10
509 466 10
509 467 10
509 468 10
509 469 10
509 470 10
509 471 10
509 472 10
509 473 10
509 475 10
509 477 10
509 478 10
509 479 10
509 480 10
509 481 10
509 483 10
509 484 10
509 485 10
509 486 10
509 488 10
509 489 10
509 493 10
509 495 10
509 500 10
509 508 10
509 515 10
509 517 10
509 521 10
509 531 10
509 532 10
509 533 10
509 536 10
509 537 10
509 547 10
509 549 10
510 425 10
510 427 10
510 431 10
510 432 10
510 433 10
510 435 10
510 436 10
510 437 10
510 442 10
510 443 10
510 448 10
510 451 10
510 453 10
510 455 10
510 456 10
510 457 10
510 460 10
510 465 10
510 466 10
510 469 10
510 470 10
510 474 10
510 475 10
510 480 10
510 483 10
510 488 10
510 491 10
510 495 10
510 496 10
510 497 10
510 502 10
510 503 10
510 510 10
510 515 10
510 533 10
510 536 10
510 537 10
510 546 10
510 550 10
511 427 10
511 435 10
511 437 10
511 442 10
511 443 10
511 446 10
511 449 10
511 453 10
511 454 10
511 455 10
511 456 10
511 457 10
511 458 10
511 463 10
511 464 10
511 466 10
511 467 10
511 477 10
511 479 10
511 483 10
511 484 10
511 485 10
511 490 10
511 491 10
511 492 10
511 496 10
511 497 10
511 508 10
511 514 10
511 517 10
511 520 10
511 531 10
511 532 10
511 533 10
511 534 10
511 535 10
511 537 10
511 538 10
511 540 10
511 546 10
511 547 10
511 548 10
511 549 10
511 551 10
512 426 10
512 430 10
512 431 10
512 432 10
512 438 10
512 441 10
512 442 10
512 446 10
512 448 10
512 451 10
512 455 10
512 456 10
512 458 10
512 459 10
512 460 10
512 461 10
512 462 10
512 463 10
512 464 10
512 465 10
512 468 10
512 470 10
512 475 10
512 477 10
512 479 10
512 480 10
512 481 10
512 484 10
512 486 10
512 487 10
512 490 10
512 493 10
512 498 10
512 499 10
512 500 10
512 503 10
512 507 10
512 519 10
512 535 10
512 536 10
512 537 10
512 538 10
512 541 10
512 547 10
512 548 10
512 549 10
513 425 10
513 427 10
513 430 10
513 432 10
513 436 10
513 440 10
513 443 10
513 454 10
513 455 10
513 456 10
513 458 10
513 459 10
513 461 10
513 463 10
513 465 10
513 466 10
513 469 10
513 472 10
513 476 10
513 477 10
513 479 10
513 480 10
513 481 10
513 483 10
513 484 10
513 485 10
513 486 10
513 489 10
513 491 10
513 492 10
513 494 10
513 495 10
513 497 10
513 498 10
513 505 10
513 508 10
513 515 10
513 516 10
513 517 10
513 518 10
513 526 10
513 530 10
513 532 10
513 534 10
513 536 10
513 538 10
513 539 10
513 544 10
513 545 10
514 425 10
514 427 10
514 431 10
514 433 10
514 436 10
514 440 10
514 442 10
514 445 10
514 452 10
514 458 10
514 459 10
514 460 10
514 461 10
514 463 10
514 464 10
514 465 10
514 466 10
514 469 10
514 476 10
514 482 10
514 483 10
514 491 10
514 493 10
514 495 10
514 497 10
514 498 10
514 505 10
514 507 10
514 519 10
514 523 10
514 525 10
514 528 10
514 530 10
514 531 10
514 534 10
514 540 10
514 541 10
514 542 10
514 543 10
514 546 10
514 547 10
515 428 10
515 430 10
515 433 10
515 434 10
515 436 10
515 438 10
515 443 10
515 447 10
515 455 10
515 457 10
515 458 10
515 459 10
515 461 10
515 462 10
515 463 10
515 465 10
515 469 10
515 479 10
515 481 10
515 484 10
515 489 10
515 490 10
515 496 10
515 498 10
515 505 10
515 506 10
515 507 10
515 508 10
515 518 10
515 519 10
515 520 10
515 524 10
515 526 10
515 527 10
515 528 10
515 529 10
515 532 10
515 535 10
515 536 10
515 540 10
515 543 10
516 426 10
516 432 10
516 433 10
516 434 10
516 436 10
516 438 10
516 439 10
516 440 10
516 441 10
516 442 10
516 443 10
516 448 10
516 455 10
516 460 10
516 461 10
516 464 10
516 466 10
516 483 10
516 487 10
516 489 10
516 491 10
516 492 10
516 493 10
516 511 10
516 512 10
516 513 10
516 517 10
516 518 10
516 525 10
516 530 10
516 533 10
516 538 10
516 539 10
516 541 10
516 543 10
517 433 10
517 435 10
517 436 10
517 437 10
517 441 10
517 446 10
517 448 10
517 453 10
517 454 10
517 460 10
517 467 10
517 477 10
517 479 10
517 481 10
517 482 10
517 483 10
517 485 10
517 491 10
517 492 10
517 494 10
517 509 10
517 510 10
517 513 10
517 520 10
517 523 10
517 528 10
517 529 10
517 532 10
517 538 10
517 539 10
517 540 10
517 541 10
518 432 10
518 434 10
518 440 10
518 442 10
518 447 10
518 458 10
518 461 10
518 467 10
518 478 10
518 480 10
518 483 10
518 484 10
518 486 10
518 487 10
518 488 10
518 489 10
518 492 10
518 493 10
518 506 10
518 508 10
518 510 10
518 511 10
518 520 10
518 522 10
518 527 10
518 529 10
518 530 10
518 542 10
519 430 10
519 434 10
519 435 10
519 436 10
519 439 10
519 445 10
519 446 10
519 447 10
519 448 10
519 451 10
519 452 10
519 453 10
519 455 10
519 477 10
519 479 10
519 480 10
519 483 10
519 485 10
519 486 10
519 492 10
519 493 10
519 511 10
519 512 10
519 514 10
519 515 10
519 517 10
519 527 10
519 528 10
519 537 10
519 539 10
520 432 10
520 444 10
520 449 10
520 450 10
520 477 10
520 480 10
520 482 10
520 484 10
520 486 10
520 488 10
520 506 10
520 509 10
520 514 10
520 517 10
520 518 10
520 519 10
520 521 10
520 522 10
520 524 10
520 526 10
520 544 10
521 437 10
521 445 10
521 446 10
521 448 10
521 449 10
521 450 10
521 453 10
521 455 10
521 476 10
521 477 10
521 478 10
521 479 10
521 482 10
521 486 10
521 489 10
521 491 10
521 492 10
521 494 10
521 509 10
521 513 10
521 515 10
521 523 10
521 524 10
521 533 10
521 534 10
522 442 10
522 448 10
522 455 10
522 479 10
522 480 10
522 484 10
522 485 10
522 486 10
522 497 10
522 512 10
522 514 10
522 515 10
522 516 10
522 517 10
522 519 10
522 523 10
522 526 10
522 527 10
522 529 10
522 534 10
522 537 10
522 538 10
522 542 10
522 543 10
522 545 10
522 550 10
522 553 10
522 555 10
523 443 10
523 444 10
523 448 10
523 449 10
523 477 10
523 480 10
523 482 10
523 483 10
523 487 10
523 488 10
523 489 10
523 491 10
523 512 10
523 514 10
523 515 10
523 522 10
523 527 10
523 533 10
523 542 10
523 550 10
523 551 10
523 553 10
523 555 10
524 447 10
524 476 10
524 477 10
524 478 10
524 479 10
524 482 10
524 483 10
524 485 10
524 486 10
524 487 10
524 488 10
524 510 10
524 514 10
524 517 10
524 520 10
524 526 10
524 528 10
524 529 10
524 531 10
524 533 10
524 534 10
524 536 10
524 537 10
524 542 10
524 545 10
524 550 10
524 554 10
525 443 10
525 446 10
525 447 10
525 448 10
525 450 10
525 455 10
525 480 10
525 481 10
525 483 10
525 484 10
525 485 10
525 486 10
525 488 10
525 491 10
525 513 10
525 519 10
525 522 10
525 523 10
525 528 10
525 529 10
525 536 10
525 539 10
525 540 10
525 541 10
525 542 10
525 543 10
525 550 10
525 552 10
525 556 10
526 448 10
526 476 10
526 477 10
526 478 10
526 480 10
526 481 10
526 482 10
526 486 10
526 487 10
526 488 10
526 489 10
526 518 10
526 520 10
526 525 10
526 526 10
526 527 10
526 529 10
526 530 10
526 531 10
526 536 10
526 538 10
526 540 10
526 542 10
526 544 10
527 452 10
527 482 10
527 484 10
527 485 10
527 486 10
527 488 10
527 490 10
527 494 10
527 512 10
527 515 10
527 516 10
527 518 10
527 521 10
527 523 10
527 524 10
527 529 10
527 532 10
527 537 10
527 538 10
527 539 10
527 549 10
527 551 10
527 552 10
527 553 10
528 475 10
528 482 10
528 483 10
528 485 10
528 488 10
528 495 10
528 515 10
528 516 10
528 517 10
528 518 10
528 519 10
528 524 10
528 526 10
528 529 10
528 532 10
528 535 10
528 540 10
528 543 10
529 441 10
529 475 10
529 480 10
529 483 10
529 484 10
529 485 10
529 488 10
529 489 10
529 493 10
529 495 10
529 496 10
529 509 10
529 510 10
529 519 10
529 520 10
529 532 10
529 539 10
529 541 10
529 542 10
529 544 10
529 550 10
530 436 10
530 437 10
530 438 10
530 439 10
530 440 10
530 441 10
530 448 10
530 476 10
530 477 10
530 482 10
530 486 10
530 489 10
530 491 10
530 492 10
530 494 10
530 495 10
530 512 10
530 513 10
530 514 10
530 515 10
530 518 10
530 520 10
530 523 10
530 525 10
530 536 10
530 537 10
530 538 10
530 539 10
530 540 10
530 542 10
531 440 10
531 482 10
531 484 10
531 485 10
531 486 10
531 487 10
531 488 10
531 489 10
531 493 10
531 506 10
531 514 10
531 515 10
531 516 10
531 517 10
531 519 10
531 520 10
531 522 10
531 531 10
531 539 10
531 540 10
531 541 10
531 550 10
532 476 10
532 478 10
532 482 10
532 483 10
532 485 10
532 489 10
532 492 10
532 495 10
532 518 10
532 520 10
532 522 10
532 529 10
532 538 10
532 540 10
532 541 10
532 542 10
532 543 10
532 544 10
532 546 10
532 547 10
532 548 10
532 552 10
533 479 10
533 485 10
533 486 10
533 487 10
533 489 10
533 490 10
533 491 10
533 492 10
533 502 10
533 518 10
533 520 10
533 521 10
533 522 10
533 523 10
533 526 10
533 527 10
533 529 10
533 533 10
533 543 10
533 544 10
533 546 10
533 547 10
533 549 10
534 478 10
534 486 10
534 487 10
534 488 10
534 489 10
534 490 10
534 495 10
534 497 10
534 498 10
534 500 10
534 516 10
534 518 10
534 519 10
534 522 10
534 534 10
534 538 10
534 543 10
534 544 10
534 549 10
535 455 10
535 476 10
535 484 10
535 485 10
535 487 10
535 489 10
535 492 10
535 494 10
535 500 10
535 506 10
535 507 10
535 509 10
535 515 10
535 516 10
535 517 10
535 518 10
535 520 10
535 521 10
535 522 10
535 523 10
535 524 10
535 531 10
535 540 10
535 543 10
536 477 10
536 482 10
536 483 10
536 484 10
536 486 10
536 487 10
536 488 10
536 489 10
536 492 10
536 497 10
536 504 10
536 516 10
536 518 10
536 525 10
536 527 10
536 533 10
536 538 10
536 540 10
536 542 10
537 455 10
537 479 10
537 481 10
537 482 10
537 483 10
537 484 10
537 486 10
537 487 10
537 489 10
537 490 10
537 496 10
537 499 10
537 501 10
537 504 10
537 508 10
537 509 10
537 510 10
537 512 10
537 515 10
537 516 10
537 517 10
537 518 10
537 520 10
537 544 10
537 545 10
538 484 10
538 485 10
538 487 10
538 488 10
538 492 10
538 496 10
538 500 10
538 501 10
538 502 10
538 506 10
538 507 10
538 508 10
538 509 10
538 512 10
538 513 10
538 517 10
538 518 10
538 519 10
538 520 10
538 522 10
538 526 10
538 530 10
538 542 10
538 543 10
539 481 10
539 484 10
539 486 10
539 489 10
539 498 10
539 499 10
539 500 10
539 501 10
539 502 10
539 503 10
539 506 10
539 510 10
539 512 10
539 513 10
539 519 10
539 521 10
539 531 10
539 539 10
539 543 10
539 544 10
540 484 10
540 486 10
540 487 10
540 496 10
540 499 10
540 500 10
540 501 10
540 502 10
540 503 10
540 507 10
540 511 10
540 512 10
540 514 10
540 516 10
540 517 10
540 518 10
540 519 10
540 520 10
540 521 10
540 523 10
540 526 10
540 527 10
540 528 10
540 531 10
540 540 10
540 541 10
540 543 10
541 460 10
541 488 10
541 489 10
541 496 10
541 501 10
541 502 10
541 504 10
541 505 10
541 506 10
541 507 10
541 510 10
541 513 10
541 516 10
541 519 10
541 522 10
541 524 10
541 525 10
541 535 10
541 537 10
541 541 10
541 544 10
542 459 10
542 461 10
542 486 10
542 487 10
542 490 10
542 498 10
542 499 10
542 500 10
542 501 10
542 502 10
542 503 10
542 504 10
542 505 10
542 508 10
542 510 10
542 513 10
542 515 10
542 519 10
542 520 10
542 522 10
542 526 10
542 532 10
542 533 10
542 534 10
542 537 10
542 539 10
542 540 10
542 543 10
543 457 10
543 486 10
543 495 10
543 496 10
543 498 10
543 499 10
543 501 10
543 504 10
543 506 10
543 508 10
543 509 10
543 511 10
543 513 10
543 514 10
543 515 10
543 516 10
543 518 10
543 520 10
543 521 10
543 522 10
543 524 10
543 526 10
543 534 10
543 535 10
543 537 10
543 538 10
543 539 10
543 541 10
543 542 10
543 544 10
544 457 10
544 499 10
544 502 10
544 503 10
544 504 10
544 505 10
544 507 10
544 509 10
544 510 10
544 511 10
544 512 10
544 513 10
544 514 10
544 516 10
544 517 10
544 518 10
544 523 10
544 526 10
544 533 10
544 537 10
544 538 10
544 539 10
544 540 10
544 542 10
544 543 10
544 545 10
544 546 10
545 486 10
545 494 10
545 498 10
545 499 10
545 502 10
545 503 10
545 504 10
545 506 10
545 507 10
545 509 10
545 510 10
545 511 10
545 512 10
545 513 10
545 514 10
545 516 10
545 517 10
545 518 10
545 521 10
545 537 10
545 541 10
545 544 10
545 546 10
546 493 10
546 494 10
546 504 10
546 507 10
546 508 10
546 509 10
546 510 10
546 511 10
546 512 10
546 513 10
546 514 10
546 519 10
546 526 10
546 539 10
546 540 10
546 541 10
546 542 10
546 543 10
546 544 10
546 547 10
546 548 10
547 494 10
547 499 10
547 507 10
547 510 10
547 511 10
547 512 10
547 513 10
547 514 10
547 516 10
547 517 10
547 519 10
547 539 10
547 541 10
547 543 10
547 544 10
547 548 10
548 492 10
548 493 10
548 495 10
548 501 10
548 503 10
548 507 10
548 509 10
548 511 10
548 512 10
548 513 10
548 514 10
548 517 10
548 518 10
548 521 10
548 523 10
548 538 10
548 543 10
548 544 10
549 490 10
549 493 10
549 494 10
549 496 10
549 498 10
549 499 10
549 502 10
549 504 10
549 512 10
549 513 10
549 515 10
549 517 10
549 519 10
549 520 10
549 521 10
549 522 10
549 524 10
549 531 10
549 541 10
549 544 10
550 493 10
550 497 10
550 499 10
550 508 10
550 511 10
550 513 10
550 516 10
550 517 10
550 518 10
550 521 10
550 523 10
550 537 10
550 538 10
550 544 10
550 546 10
550 548 10
551 493 10
551 495 10
551 496 10
551 497 10
551 498 10
551 500 10
551 506 10
551 507 10
551 511 10
551 513 10
551 515 10
551 516 10
551 517 10
551 519 10
551 522 10
551 535 10
551 540 10
551 542 10
551 544 10
551 545 10
551 546 10
551 548 10
551 555 10
551 556 10
552 489 10
552 491 10
552 496 10
552 497 10
552 498 10
552 505 10
552 506 10
552 513 10
552 521 10
552 537 10
552 539 10
552 541 10
552 542 10
552 546 10
552 547 10
552 557 10
553 489 10
553 492 10
553 499 10
553 506 10
553 515 10
553 517 10
553 518 10
553 519 10
553 523 10
553 535 10
553 537 10
553 541 10
553 542 10
553 543 10
553 544 10
553 546 10
554 493 10
554 495 10
554 503 10
554 508 10
554 536 10
554 538 10
554 540 10
554 541 10
554 552 10
554 559 10
555 491 10
555 493 10
555 497 10
555 518 10
555 519 10
555 537 10
555 541 10
555 542 10
555 544 10
555 553 10
555 556 10
555 557 10
556 498 10
556 501 10
556 505 10
556 536 10
556 537 10
556 539 10
556 542 10
556 544 10
556 546 10
556 553 10
556 555 10
556 558 10
557 491 10
557 501 10
557 505 10
557 506 10
557 508 10
557 522 10
557 537 10
557 539 10
557 542 10
557 543 10
557 545 10
557 554 10
557 556 10
558 499 10
558 500 10
558 501 10
558 503 10
558 504 10
558 528 10
558 532 10
558 539 10
559 503 10
559 505 10
559 508 10
559 518 10
559 535 10
559 540 10
560 495 10
560 496 10
560 499 10
560 500 10
560 501 10
560 507 10
560 527 10
560 529 10
561 505 10
561 507 10
561 524 10
561 525 10
561 527 10
561 535 10
561 542 10
562 508 10
562 533 10
562 536 10
563 506 10
563 524 10
563 526 10
563 533 10
563 535 10
564 527 10
564 528 10
564 534 10
564 535 10
565 522 10
565 527 10
565 528 10
565 529 10
565 531 10
565 532 10
566 525 10
566 531 10
567 527 10
568 524 10
569 526 10
570 527 10
