1024
400 567 10
401 567 10
404 552 10
406 553 10
406 555 10
406 560 10
406 561 10
406 562 10
406 566 10
407 550 10
407 551 10
407 562 10
408 561 10
408 572 10
408 579 10
408 581 10
409 558 10
409 561 10
409 563 10
409 572 10
409 582 10
410 559 10
410 562 10
410 574 10
410 577 10
410 578 10
410 580 10
410 582 10
410 584 10
410 586 10
411 557 10
411 559 10
411 562 10
411 581 10
411 585 10
411 593 10
412 577 10
412 580 10
412 584 10
413 571 10
413 581 10
413 583 10
414 559 10
414 561 10
414 562 10
414 563 10
414 565 10
414 581 10
414 582 10
415 560 10
415 561 10
415 562 10
415 563 10
415 570 10
415 571 10
415 573 10
415 575 10
415 577 10
415 581 10
415 589 10
416 561 10
416 564 10
416 566 10
416 596 10
416 598 10
416 600 10
417 562 10
417 564 10
417 570 10
417 576 10
417 577 10
417 595 10
418 571 10
418 575 10
418 576 10
418 577 10
418 579 10
418 589 10
418 593 10
418 595 10
418 597 10
419 560 10
419 569 10
419 571 10
419 573 10
419 574 10
419 575 10
419 594 10
419 600 10
420 558 10
420 560 10
420 564 10
420 566 10
420 571 10
420 573 10
420 574 10
420 575 10
420 577 10
420 589 10
421 560 10
421 565 10
421 566 10
421 568 10
421 570 10
421 572 10
421 573 10
421 574 10
421 575 10
421 577 10
421 585 10
421 594 10
421 596 10
422 560 10
422 566 10
422 568 10
422 571 10
422 572 10
422 574 10
422 575 10
422 577 10
422 581 10
422 588 10
422 593 10
423 558 10
423 562 10
423 563 10
423 564 10
423 565 10
423 566 10
423 569 10
423 570 10
423 572 10
423 576 10
423 578 10
423 579 10
423 582 10
424 556 10
424 573 10
424 580 10
424 595 10
425 557 10
425 558 10
425 560 10
425 561 10
425 570 10
425 571 10
425 573 10
426 559 10
426 560 10
426 565 10
426 579 10
426 597 10
427 556 10
427 560 10
427 562 10
427 566 10
427 567 10
427 573 10
427 575 10
427 576 10
427 577 10
427 579 10
428 558 10
428 559 10
428 560 10
428 561 10
428 566 10
428 567 10
428 568 10
428 570 10
428 573 10
428 574 10
428 576 10
428 578 10
429 569 10
429 577 10
429 580 10
430 560 10
430 566 10
430 567 10
430 568 10
430 569 10
430 573 10
430 574 10
430 575 10
431 560 10
431 566 10
431 568 10
431 569 10
431 570 10
431 579 10
432 497 10
432 558 10
432 560 10
432 562 10
432 564 10
432 566 10
432 567 10
432 569 10
432 574 10
432 576 10
432 577 10
433 562 10
433 563 10
433 564 10
433 566 10
433 567 10
433 568 10
433 569 10
433 570 10
433 576 10
433 579 10
433 580 10
434 485 10
434 556 10
434 561 10
434 562 10
434 567 10
434 568 10
434 570 10
434 571 10
434 573 10
434 574 10
434 575 10
434 577 10
434 580 10
435 484 10
435 486 10
435 556 10
435 557 10
435 558 10
435 559 10
435 560 10
435 561 10
435 562 10
435 563 10
435 567 10
435 568 10
435 571 10
435 573 10
435 574 10
435 576 10
436 484 10
436 485 10
436 558 10
436 559 10
436 562 10
436 565 10
436 566 10
436 567 10
436 572 10
436 574 10
436 578 10
436 580 10
436 582 10
436 583 10
436 584 10
437 484 10
437 502 10
437 555 10
437 556 10
437 562 10
437 568 10
437 570 10
437 586 10
438 553 10
438 557 10
438 558 10
438 562 10
438 570 10
438 575 10
438 579 10
438 583 10
438 585 10
439 483 10
439 486 10
439 560 10
439 561 10
439 566 10
439 568 10
439 573 10
439 577 10
439 579 10
439 580 10
439 581 10
440 488 10
440 498 10
440 558 10
440 559 10
440 560 10
440 562 10
440 566 10
440 568 10
440 569 10
440 570 10
440 571 10
440 576 10
440 577 10
440 579 10
440 583 10
440 593 10
440 595 10
441 498 10
441 513 10
441 516 10
441 557 10
441 559 10
441 569 10
441 570 10
441 571 10
441 574 10
441 575 10
441 576 10
441 577 10
441 580 10
441 582 10
441 583 10
441 586 10
441 587 10
441 593 10
442 483 10
442 486 10
442 488 10
442 495 10
442 515 10
442 521 10
442 557 10
442 567 10
442 568 10
442 570 10
442 573 10
442 574 10
442 575 10
442 576 10
442 577 10
442 578 10
442 580 10
442 584 10
442 586 10
442 587 10
442 592 10
442 593 10
442 594 10
442 595 10
443 478 10
443 503 10
443 505 10
443 549 10
443 551 10
443 568 10
443 569 10
443 571 10
443 573 10
443 574 10
443 576 10
443 579 10
443 581 10
443 585 10
443 586 10
443 590 10
443 591 10
443 594 10
444 512 10
444 554 10
444 559 10
444 560 10
444 561 10
444 566 10
444 567 10
444 570 10
444 572 10
444 573 10
444 574 10
444 576 10
444 579 10
444 581 10
444 587 10
444 588 10
444 589 10
444 591 10
444 592 10
444 593 10
444 595 10
444 596 10
445 481 10
445 496 10
445 497 10
445 498 10
445 499 10
445 500 10
445 510 10
445 528 10
445 541 10
445 548 10
445 552 10
445 555 10
445 568 10
445 570 10
445 572 10
445 573 10
445 574 10
445 575 10
445 577 10
445 578 10
445 580 10
445 581 10
445 587 10
445 589 10
445 591 10
445 594 10
446 480 10
446 482 10
446 496 10
446 498 10
446 499 10
446 503 10
446 540 10
446 542 10
446 544 10
446 549 10
446 550 10
446 552 10
446 568 10
446 576 10
446 578 10
446 579 10
446 581 10
446 584 10
446 585 10
446 587 10
446 590 10
446 591 10
446 592 10
446 593 10
446 594 10
446 603 10
447 481 10
447 484 10
447 495 10
447 496 10
447 498 10
447 503 10
447 540 10
447 541 10
447 548 10
447 550 10
447 551 10
447 552 10
447 558 10
447 563 10
447 565 10
447 568 10
447 572 10
447 574 10
447 575 10
447 576 10
447 577 10
447 578 10
447 580 10
447 585 10
447 587 10
447 588 10
447 590 10
447 591 10
447 593 10
447 597 10
447 602 10
447 605 10
447 606 10
448 496 10
448 498 10
448 502 10
448 507 10
448 513 10
448 514 10
448 524 10
448 529 10
448 533 10
448 541 10
448 542 10
448 543 10
448 553 10
448 556 10
448 561 10
448 562 10
448 563 10
448 564 10
448 565 10
448 566 10
448 570 10
448 571 10
448 572 10
448 573 10
448 574 10
448 575 10
448 578 10
448 579 10
448 580 10
448 590 10
448 594 10
448 602 10
449 496 10
449 504 10
449 506 10
449 507 10
449 508 10
449 509 10
449 517 10
449 523 10
449 539 10
449 548 10
449 549 10
449 563 10
449 564 10
449 568 10
449 569 10
449 570 10
449 571 10
449 572 10
449 573 10
449 574 10
449 575 10
449 576 10
449 577 10
449 584 10
449 586 10
449 587 10
449 588 10
449 593 10
449 596 10
449 604 10
449 605 10
450 488 10
450 505 10
450 506 10
450 510 10
450 513 10
450 516 10
450 522 10
450 523 10
450 533 10
450 547 10
450 549 10
450 550 10
450 551 10
450 556 10
450 568 10
450 569 10
450 570 10
450 571 10
450 575 10
450 577 10
450 578 10
450 579 10
450 580 10
450 584 10
450 590 10
450 591 10
450 592 10
450 595 10
450 602 10
450 603 10
451 493 10
451 503 10
451 505 10
451 506 10
451 508 10
451 509 10
451 514 10
451 522 10
451 530 10
451 539 10
451 543 10
451 546 10
451 555 10
451 557 10
451 558 10
451 560 10
451 564 10
451 568 10
451 570 10
451 571 10
451 573 10
451 576 10
451 577 10
451 578 10
451 582 10
451 583 10
451 584 10
451 585 10
451 587 10
451 588 10
451 590 10
451 593 10
451 595 10
451 600 10
451 602 10
451 603 10
451 606 10
452 506 10
452 510 10
452 514 10
452 517 10
452 519 10
452 521 10
452 522 10
452 538 10
452 545 10
452 552 10
452 555 10
452 556 10
452 557 10
452 563 10
452 564 10
452 567 10
452 568 10
452 569 10
452 570 10
452 571 10
452 572 10
452 573 10
452 574 10
452 580 10
452 591 10
452 595 10
452 598 10
452 600 10
452 601 10
452 602 10
452 603 10
453 430 10
453 493 10
453 495 10
453 508 10
453 509 10
453 511 10
453 523 10
453 524 10
453 539 10
453 541 10
453 543 10
453 545 10
453 554 10
453 555 10
453 556 10
453 558 10
453 559 10
453 565 10
453 568 10
453 572 10
453 573 10
453 574 10
453 575 10
453 576 10
453 578 10
453 581 10
453 584 10
453 587 10
453 588 10
453 590 10
453 595 10
453 596 10
453 597 10
453 598 10
453 601 10
453 602 10
453 603 10
453 605 10
453 606 10
453 608 10
453 609 10
454 430 10
454 475 10
454 489 10
454 494 10
454 506 10
454 509 10
454 518 10
454 521 10
454 522 10
454 523 10
454 527 10
454 528 10
454 533 10
454 539 10
454 540 10
454 542 10
454 543 10
454 544 10
454 547 10
454 548 10
454 549 10
454 550 10
454 552 10
454 553 10
454 554 10
454 555 10
454 556 10
454 560 10
454 563 10
454 567 10
454 568 10
454 569 10
454 570 10
454 571 10
454 572 10
454 573 10
454 574 10
454 575 10
454 576 10
454 578 10
454 579 10
454 580 10
454 583 10
454 584 10
454 587 10
454 588 10
454 590 10
454 595 10
454 597 10
454 599 10
454 601 10
454 602 10
454 603 10
454 604 10
454 605 10
454 606 10
455 475 10
455 476 10
455 477 10
455 486 10
455 487 10
455 514 10
455 521 10
455 522 10
455 524 10
455 527 10
455 529 10
455 544 10
455 545 10
455 548 10
455 549 10
455 551 10
455 552 10
455 556 10
455 557 10
455 558 10
455 560 10
455 564 10
455 565 10
455 566 10
455 570 10
455 571 10
455 572 10
455 573 10
455 574 10
455 575 10
455 578 10
455 582 10
455 584 10
455 585 10
455 586 10
455 587 10
455 588 10
455 590 10
455 594 10
455 595 10
455 596 10
455 597 10
455 599 10
455 600 10
455 601 10
455 602 10
455 603 10
455 604 10
455 605 10
455 606 10
456 434 10
456 474 10
456 482 10
456 488 10
456 489 10
456 493 10
456 495 10
456 513 10
456 514 10
456 515 10
456 517 10
456 518 10
456 519 10
456 524 10
456 527 10
456 529 10
456 535 10
456 541 10
456 546 10
456 550 10
456 551 10
456 552 10
456 553 10
456 554 10
456 555 10
456 558 10
456 559 10
456 560 10
456 561 10
456 565 10
456 567 10
456 568 10
456 570 10
456 571 10
456 572 10
456 573 10
456 574 10
456 575 10
456 576 10
456 577 10
456 578 10
456 580 10
456 582 10
456 583 10
456 584 10
456 586 10
456 590 10
456 594 10
456 599 10
456 601 10
456 602 10
456 603 10
456 604 10
456 605 10
456 606 10
456 607 10
456 608 10
457 428 10
457 429 10
457 432 10
457 434 10
457 435 10
457 437 10
457 439 10
457 474 10
457 476 10
457 478 10
457 484 10
457 485 10
457 486 10
457 515 10
457 521 10
457 522 10
457 524 10
457 534 10
457 536 10
457 538 10
457 543 10
457 548 10
457 549 10
457 550 10
457 553 10
457 554 10
457 557 10
457 559 10
457 560 10
457 561 10
457 562 10
457 565 10
457 567 10
457 568 10
457 570 10
457 572 10
457 573 10
457 574 10
457 576 10
457 577 10
457 578 10
457 580 10
457 582 10
457 583 10
457 584 10
457 586 10
457 587 10
457 588 10
457 590 10
457 591 10
457 592 10
457 593 10
457 594 10
457 596 10
457 597 10
457 598 10
457 600 10
457 602 10
457 603 10
457 604 10
457 605 10
457 612 10
458 430 10
458 433 10
458 437 10
458 476 10
458 481 10
458 483 10
458 489 10
458 495 10
458 498 10
458 499 10
458 500 10
458 501 10
458 516 10
458 519 10
458 522 10
458 523 10
458 524 10
458 526 10
458 529 10
458 536 10
458 538 10
458 542 10
458 544 10
458 545 10
458 546 10
458 549 10
458 551 10
458 552 10
458 553 10
458 554 10
458 557 10
458 566 10
458 569 10
458 572 10
458 573 10
458 574 10
458 576 10
458 577 10
458 578 10
458 579 10
458 580 10
458 585 10
458 586 10
458 587 10
458 589 10
458 591 10
458 592 10
458 593 10
458 594 10
458 595 10
458 596 10
458 598 10
458 599 10
458 602 10
458 604 10
458 605 10
459 430 10
459 433 10
459 434 10
459 455 10
459 456 10
459 470 10
459 473 10
459 478 10
459 481 10
459 485 10
459 486 10
459 492 10
459 493 10
459 495 10
459 497 10
459 498 10
459 499 10
459 500 10
459 503 10
459 519 10
459 520 10
459 526 10
459 528 10
459 533 10
459 535 10
459 536 10
459 537 10
459 539 10
459 542 10
459 547 10
459 548 10
459 549 10
459 550 10
459 551 10
459 553 10
459 556 10
459 557 10
459 559 10
459 564 10
459 566 10
459 567 10
459 569 10
459 570 10
459 573 10
459 574 10
459 577 10
459 578 10
459 579 10
459 582 10
459 583 10
459 584 10
459 585 10
459 588 10
459 590 10
459 591 10
459 592 10
459 594 10
459 595 10
459 596 10
459 597 10
459 598 10
459 602 10
459 603 10
459 604 10
459 605 10
459 611 10
459 613 10
460 428 10
460 429 10
460 430 10
460 434 10
460 436 10
460 440 10
460 452 10
460 457 10
460 459 10
460 460 10
460 474 10
460 475 10
460 477 10
460 478 10
460 480 10
460 489 10
460 493 10
460 495 10
460 504 10
460 517 10
460 519 10
460 520 10
460 525 10
460 527 10
460 534 10
460 537 10
460 543 10
460 544 10
460 545 10
460 548 10
460 549 10
460 550 10
460 551 10
460 553 10
460 555 10
460 558 10
460 561 10
460 564 10
460 570 10
460 573 10
460 574 10
460 575 10
460 576 10
460 577 10
460 578 10
460 579 10
460 581 10
460 585 10
460 586 10
460 587 10
460 588 10
460 591 10
460 592 10
460 594 10
460 595 10
460 597 10
460 598 10
460 599 10
460 600 10
460 601 10
460 602 10
460 603 10
460 604 10
460 605 10
460 607 10
460 610 10
461 432 10
461 433 10
461 434 10
461 437 10
461 451 10
461 453 10
461 470 10
461 472 10
461 475 10
461 476 10
461 478 10
461 482 10
461 484 10
461 493 10
461 501 10
461 502 10
461 503 10
461 504 10
461 516 10
461 519 10
461 521 10
461 522 10
461 523 10
461 525 10
461 527 10
461 529 10
461 532 10
461 533 10
461 534 10
461 545 10
461 546 10
461 548 10
461 550 10
461 551 10
461 552 10
461 555 10
461 558 10
461 562 10
461 570 10
461 572 10
461 573 10
461 576 10
461 579 10
461 580 10
461 581 10
461 583 10
461 586 10
461 590 10
461 591 10
461 596 10
461 597 10
461 598 10
461 599 10
461 600 10
461 602 10
461 604 10
461 606 10
461 609 10
462 420 10
462 421 10
462 432 10
462 433 10
462 439 10
462 448 10
462 455 10
462 457 10
462 462 10
462 464 10
462 466 10
462 469 10
462 473 10
462 474 10
462 475 10
462 478 10
462 482 10
462 485 10
462 511 10
462 517 10
462 522 10
462 524 10
462 529 10
462 530 10
462 534 10
462 547 10
462 549 10
462 550 10
462 551 10
462 552 10
462 560 10
462 568 10
462 570 10
462 572 10
462 573 10
462 581 10
462 583 10
462 587 10
462 596 10
462 597 10
462 598 10
462 600 10
462 605 10
462 606 10
462 607 10
462 610 10
462 612 10
463 424 10
463 425 10
463 426 10
463 428 10
463 432 10
463 436 10
463 438 10
463 446 10
463 452 10
463 454 10
463 456 10
463 470 10
463 472 10
463 477 10
463 482 10
463 511 10
463 520 10
463 521 10
463 522 10
463 524 10
463 528 10
463 529 10
463 532 10
463 535 10
463 536 10
463 537 10
463 539 10
463 545 10
463 548 10
463 551 10
463 555 10
463 558 10
463 573 10
463 575 10
463 583 10
463 584 10
463 586 10
463 587 10
463 589 10
463 591 10
463 594 10
463 596 10
463 597 10
463 598 10
463 600 10
463 602 10
463 603 10
463 605 10
463 613 10
464 422 10
464 427 10
464 428 10
464 433 10
464 435 10
464 436 10
464 438 10
464 450 10
464 454 10
464 455 10
464 457 10
464 467 10
464 468 10
464 469 10
464 472 10
464 474 10
464 510 10
464 516 10
464 517 10
464 523 10
464 525 10
464 531 10
464 533 10
464 535 10
464 543 10
464 545 10
464 547 10
464 586 10
464 587 10
464 588 10
464 590 10
464 591 10
464 595 10
464 596 10
464 598 10
464 599 10
464 603 10
464 610 10
464 611 10
464 612 10
464 613 10
464 614 10
464 615 10
465 425 10
465 427 10
465 431 10
465 432 10
465 434 10
465 436 10
465 437 10
465 438 10
465 453 10
465 455 10
465 466 10
465 470 10
465 471 10
465 472 10
465 483 10
465 488 10
465 491 10
465 506 10
465 509 10
465 510 10
465 511 10
465 512 10
465 523 10
465 525 10
465 528 10
465 530 10
465 533 10
465 535 10
465 537 10
465 546 10
465 554 10
465 556 10
465 572 10
465 579 10
465 583 10
465 585 10
465 586 10
465 588 10
465 589 10
465 595 10
465 596 10
465 597 10
465 598 10
465 599 10
465 600 10
465 601 10
465 614 10
466 425 10
466 428 10
466 432 10
466 433 10
466 441 10
466 442 10
466 452 10
466 455 10
466 460 10
466 468 10
466 469 10
466 473 10
466 479 10
466 485 10
466 488 10
466 507 10
466 508 10
466 512 10
466 521 10
466 523 10
466 525 10
466 526 10
466 527 10
466 528 10
466 531 10
466 535 10
466 536 10
466 537 10
466 544 10
466 551 10
466 558 10
466 571 10
466 572 10
466 582 10
466 583 10
466 585 10
466 586 10
466 587 10
466 594 10
466 595 10
466 597 10
466 598 10
466 602 10
466 605 10
466 612 10
467 417 10
467 418 10
467 423 10
467 427 10
467 430 10
467 435 10
467 442 10
467 452 10
467 455 10
467 473 10
467 474 10
467 475 10
467 476 10
467 478 10
467 479 10
467 486 10
467 505 10
467 506 10
467 508 10
467 509 10
467 510 10
467 512 10
467 517 10
467 519 10
467 520 10
467 521 10
467 532 10
467 534 10
467 535 10
467 536 10
467 557 10
467 558 10
467 559 10
467 567 10
467 568 10
467 571 10
467 580 10
467 583 10
467 585 10
467 587 10
467 595 10
467 597 10
467 599 10
467 603 10
468 416 10
468 424 10
468 426 10
468 447 10
468 448 10
468 449 10
468 451 10
468 452 10
468 455 10
468 457 10
468 476 10
468 477 10
468 478 10
468 479 10
468 480 10
468 482 10
468 499 10
468 501 10
468 506 10
468 507 10
468 511 10
468 512 10
468 519 10
468 521 10
468 522 10
468 532 10
468 535 10
468 540 10
468 554 10
468 556 10
468 558 10
468 560 10
468 567 10
468 570 10
468 583 10
468 584 10
468 585 10
468 587 10
468 594 10
468 595 10
468 596 10
468 600 10
468 601 10
468 610 10
469 428 10
469 429 10
469 434 10
469 442 10
469 448 10
469 449 10
469 450 10
469 451 10
469 453 10
469 457 10
469 464 10
469 465 10
469 474 10
469 481 10
469 501 10
469 503 10
469 504 10
469 506 10
469 508 10
469 518 10
469 520 10
469 522 10
469 534 10
469 535 10
469 546 10
469 553 10
469 556 10
469 559 10
469 560 10
469 571 10
469 582 10
469 585 10
469 587 10
469 596 10
469 597 10
469 598 10
469 603 10
469 609 10
470 428 10
470 439 10
470 442 10
470 445 10
470 446 10
470 449 10
470 453 10
470 454 10
470 455 10
470 459 10
470 460 10
470 461 10
470 462 10
470 463 10
470 466 10
470 475 10
470 477 10
470 478 10
470 479 10
470 481 10
470 483 10
470 504 10
470 505 10
470 510 10
470 511 10
470 516 10
470 519 10
470 520 10
470 521 10
470 531 10
470 533 10
470 535 10
470 541 10
470 548 10
470 558 10
470 586 10
470 590 10
470 593 10
470 594 10
470 596 10
470 597 10
470 600 10
470 601 10
470 602 10
470 603 10
470 604 10
471 428 10
471 439 10
471 444 10
471 445 10
471 448 10
471 450 10
471 451 10
471 452 10
471 455 10
471 456 10
471 461 10
471 463 10
471 464 10
471 466 10
471 477 10
471 479 10
471 480 10
471 482 10
471 484 10
471 485 10
471 486 10
471 501 10
471 506 10
471 509 10
471 511 10
471 516 10
471 519 10
471 520 10
471 521 10
471 531 10
471 532 10
471 533 10
471 542 10
471 543 10
471 545 10
471 555 10
471 558 10
471 578 10
471 592 10
471 593 10
471 594 10
471 602 10
471 603 10
471 604 10
471 605 10
471 607 10
472 446 10
472 447 10
472 449 10
472 453 10
472 455 10
472 460 10
472 461 10
472 462 10
472 463 10
472 464 10
472 465 10
472 466 10
472 467 10
472 475 10
472 481 10
472 482 10
472 486 10
472 509 10
472 517 10
472 522 10
472 523 10
472 524 10
472 526 10
472 540 10
472 541 10
472 542 10
472 544 10
472 545 10
472 547 10
472 575 10
472 578 10
472 579 10
472 580 10
472 589 10
472 591 10
472 594 10
472 597 10
472 601 10
472 603 10
472 605 10
472 607 10
472 608 10
473 434 10
473 436 10
473 438 10
473 439 10
473 441 10
473 442 10
473 444 10
473 447 10
473 448 10
473 449 10
473 452 10
473 454 10
473 456 10
473 462 10
473 465 10
473 469 10
473 477 10
473 478 10
473 479 10
473 482 10
473 483 10
473 486 10
473 497 10
473 498 10
473 500 10
473 502 10
473 508 10
473 511 10
473 512 10
473 516 10
473 518 10
473 522 10
473 523 10
473 525 10
473 543 10
473 545 10
473 546 10
473 547 10
473 550 10
473 573 10
473 578 10
473 580 10
473 581 10
473 590 10
473 592 10
473 595 10
473 596 10
473 598 10
473 599 10
473 600 10
473 601 10
473 607 10
473 609 10
474 437 10
474 442 10
474 444 10
474 446 10
474 447 10
474 448 10
474 450 10
474 451 10
474 453 10
474 457 10
474 458 10
474 459 10
474 460 10
474 462 10
474 463 10
474 464 10
474 466 10
474 467 10
474 468 10
474 472 10
474 480 10
474 484 10
474 492 10
474 508 10
474 516 10
474 522 10
474 525 10
474 543 10
474 544 10
474 548 10
474 553 10
474 554 10
474 559 10
474 563 10
474 568 10
474 575 10
474 576 10
474 589 10
474 590 10
474 599 10
474 604 10
474 605 10
475 438 10
475 439 10
475 440 10
475 444 10
475 448 10
475 449 10
475 450 10
475 452 10
475 454 10
475 455 10
475 456 10
475 458 10
475 459 10
475 460 10
475 461 10
475 463 10
475 468 10
475 476 10
475 478 10
475 482 10
475 483 10
475 484 10
475 490 10
475 493 10
475 494 10
475 495 10
475 509 10
475 510 10
475 512 10
475 516 10
475 517 10
475 520 10
475 522 10
475 524 10
475 525 10
475 531 10
475 540 10
475 541 10
475 543 10
475 545 10
475 546 10
475 552 10
475 553 10
475 559 10
475 566 10
475 574 10
475 575 10
475 576 10
475 579 10
475 580 10
475 581 10
475 588 10
475 590 10
475 596 10
475 601 10
475 603 10
475 606 10
475 607 10
475 608 10
476 432 10
476 441 10
476 442 10
476 443 10
476 444 10
476 448 10
476 450 10
476 451 10
476 453 10
476 454 10
476 455 10
476 456 10
476 458 10
476 461 10
476 462 10
476 463 10
476 464 10
476 465 10
476 467 10
476 469 10
476 473 10
476 476 10
476 480 10
476 481 10
476 490 10
476 491 10
476 492 10
476 494 10
476 496 10
476 514 10
476 516 10
476 518 10
476 519 10
476 529 10
476 530 10
476 542 10
476 543 10
476 544 10
476 545 10
476 548 10
476 551 10
476 567 10
476 568 10
476 574 10
476 575 10
476 576 10
476 577 10
476 578 10
476 581 10
476 582 10
476 583 10
476 598 10
476 599 10
476 600 10
476 607 10
477 430 10
477 440 10
477 442 10
477 444 10
477 446 10
477 449 10
477 450 10
477 453 10
477 454 10
477 455 10
477 456 10
477 457 10
477 458 10
477 459 10
477 460 10
477 461 10
477 462 10
477 465 10
477 466 10
477 468 10
477 478 10
477 482 10
477 485 10
477 490 10
477 491 10
477 493 10
477 494 10
477 506 10
477 509 10
477 510 10
477 512 10
477 515 10
477 517 10
477 519 10
477 521 10
477 527 10
477 531 10
477 542 10
477 545 10
477 546 10
477 547 10
477 548 10
477 551 10
477 558 10
477 560 10
477 566 10
477 574 10
477 575 10
477 578 10
477 580 10
477 581 10
477 592 10
477 602 10
477 605 10
478 418 10
478 431 10
478 443 10
478 444 10
478 446 10
478 447 10
478 448 10
478 449 10
478 450 10
478 452 10
478 455 10
478 456 10
478 457 10
478 458 10
478 459 10
478 460 10
478 462 10
478 466 10
478 474 10
478 478 10
478 481 10
478 482 10
478 487 10
478 490 10
478 491 10
478 492 10
478 493 10
478 497 10
478 505 10
478 508 10
478 509 10
478 511 10
478 514 10
478 516 10
478 518 10
478 519 10
478 520 10
478 525 10
478 527 10
478 528 10
478 529 10
478 532 10
478 549 10
478 550 10
478 559 10
478 560 10
478 561 10
478 565 10
478 566 10
478 572 10
478 573 10
478 575 10
478 580 10
478 583 10
478 584 10
478 591 10
478 592 10
478 599 10
478 605 10
478 608 10
479 430 10
479 431 10
479 436 10
479 438 10
479 447 10
479 449 10
479 451 10
479 452 10
479 453 10
479 454 10
479 455 10
479 457 10
479 458 10
479 459 10
479 461 10
479 462 10
479 463 10
479 464 10
479 466 10
479 468 10
479 469 10
479 478 10
479 488 10
479 489 10
479 495 10
479 501 10
479 505 10
479 506 10
479 508 10
479 510 10
479 513 10
479 515 10
479 517 10
479 518 10
479 522 10
479 524 10
479 526 10
479 527 10
479 528 10
479 529 10
479 530 10
479 533 10
479 535 10
479 542 10
479 556 10
479 579 10
479 580 10
479 583 10
479 584 10
479 585 10
479 590 10
479 604 10
479 605 10
479 611 10
480 418 10
480 433 10
480 443 10
480 444 10
480 445 10
480 447 10
480 448 10
480 450 10
480 451 10
480 453 10
480 454 10
480 455 10
480 456 10
480 458 10
480 459 10
480 460 10
480 462 10
480 465 10
480 470 10
480 482 10
480 485 10
480 488 10
480 491 10
480 492 10
480 498 10
480 510 10
480 512 10
480 513 10
480 515 10
480 518 10
480 520 10
480 526 10
480 527 10
480 529 10
480 530 10
480 531 10
480 532 10
480 535 10
480 555 10
480 566 10
480 567 10
480 571 10
480 572 10
480 575 10
480 577 10
480 578 10
480 580 10
480 581 10
480 593 10
480 596 10
480 597 10
480 600 10
480 607 10
480 609 10
481 421 10
481 430 10
481 433 10
481 446 10
481 447 10
481 448 10
481 449 10
481 450 10
481 453 10
481 456 10
481 458 10
481 462 10
481 465 10
481 467 10
481 473 10
481 475 10
481 476 10
481 477 10
481 482 10
481 484 10
481 485 10
481 486 10
481 488 10
481 490 10
481 491 10
481 492 10
481 495 10
481 496 10
481 500 10
481 502 10
481 504 10
481 509 10
481 510 10
481 511 10
481 512 10
481 513 10
481 515 10
481 526 10
481 527 10
481 528 10
481 529 10
481 530 10
481 532 10
481 550 10
481 552 10
481 557 10
481 570 10
481 572 10
481 575 10
481 576 10
481 580 10
481 581 10
481 598 10
482 418 10
482 425 10
482 426 10
482 427 10
482 433 10
482 434 10
482 443 10
482 444 10
482 445 10
482 447 10
482 449 10
482 451 10
482 452 10
482 453 10
482 456 10
482 457 10
482 458 10
482 459 10
482 460 10
482 463 10
482 465 10
482 466 10
482 467 10
482 469 10
482 471 10
482 475 10
482 481 10
482 482 10
482 484 10
482 486 10
482 488 10
482 489 10
482 494 10
482 496 10
482 498 10
482 499 10
482 500 10
482 502 10
482 508 10
482 509 10
482 512 10
482 519 10
482 528 10
482 532 10
482 550 10
482 551 10
482 552 10
482 556 10
482 567 10
482 569 10
482 572 10
482 573 10
482 575 10
482 577 10
482 578 10
482 579 10
482 581 10
482 582 10
482 583 10
482 595 10
482 600 10
482 606 10
482 607 10
483 419 10
483 432 10
483 433 10
483 445 10
483 446 10
483 448 10
483 450 10
483 451 10
483 452 10
483 453 10
483 454 10
483 455 10
483 456 10
483 458 10
483 460 10
483 462 10
483 463 10
483 467 10
483 469 10
483 471 10
483 474 10
483 475 10
483 483 10
483 484 10
483 486 10
483 489 10
483 490 10
483 494 10
483 496 10
483 497 10
483 499 10
483 501 10
483 502 10
483 503 10
483 509 10
483 510 10
483 511 10
483 512 10
483 513 10
483 516 10
483 521 10
483 523 10
483 525 10
483 526 10
483 553 10
483 555 10
483 569 10
483 571 10
483 575 10
483 576 10
483 579 10
483 581 10
483 583 10
483 598 10
483 605 10
484 426 10
484 427 10
484 429 10
484 431 10
484 432 10
484 439 10
484 444 10
484 448 10
484 449 10
484 451 10
484 452 10
484 453 10
484 455 10
484 456 10
484 457 10
484 458 10
484 459 10
484 461 10
484 463 10
484 464 10
484 465 10
484 467 10
484 469 10
484 470 10
484 472 10
484 473 10
484 474 10
484 481 10
484 482 10
484 487 10
484 497 10
484 498 10
484 500 10
484 501 10
484 502 10
484 506 10
484 507 10
484 508 10
484 509 10
484 510 10
484 513 10
484 520 10
484 522 10
484 528 10
484 543 10
484 544 10
484 547 10
484 559 10
484 560 10
484 571 10
484 574 10
484 575 10
484 577 10
484 579 10
484 581 10
484 584 10
484 598 10
484 605 10
485 429 10
485 430 10
485 440 10
485 443 10
485 446 10
485 447 10
485 448 10
485 449 10
485 450 10
485 451 10
485 453 10
485 456 10
485 457 10
485 458 10
485 459 10
485 460 10
485 461 10
485 462 10
485 463 10
485 464 10
485 466 10
485 467 10
485 468 10
485 470 10
485 471 10
485 473 10
485 474 10
485 476 10
485 485 10
485 487 10
485 488 10
485 489 10
485 491 10
485 493 10
485 495 10
485 499 10
485 500 10
485 501 10
485 505 10
485 506 10
485 507 10
485 508 10
485 509 10
485 510 10
485 511 10
485 519 10
485 520 10
485 521 10
485 522 10
485 523 10
485 524 10
485 526 10
485 528 10
485 544 10
485 546 10
485 561 10
485 564 10
485 566 10
485 567 10
485 574 10
485 575 10
485 581 10
485 582 10
485 583 10
485 596 10
486 422 10
486 425 10
486 430 10
486 434 10
486 441 10
486 442 10
486 443 10
486 445 10
486 447 10
486 451 10
486 452 10
486 453 10
486 454 10
486 455 10
486 457 10
486 458 10
486 459 10
486 460 10
486 461 10
486 462 10
486 463 10
486 464 10
486 465 10
486 466 10
486 467 10
486 469 10
486 474 10
486 475 10
486 479 10
486 483 10
486 484 10
486 487 10
486 489 10
486 490 10
486 496 10
486 498 10
486 500 10
486 501 10
486 503 10
486 506 10
486 507 10
486 508 10
486 509 10
486 510 10
486 511 10
486 515 10
486 519 10
486 520 10
486 522 10
486 523 10
486 524 10
486 526 10
486 529 10
486 532 10
486 533 10
486 539 10
486 549 10
486 562 10
486 572 10
486 583 10
486 595 10
486 596 10
487 425 10
487 426 10
487 428 10
487 429 10
487 439 10
487 440 10
487 441 10
487 443 10
487 445 10
487 446 10
487 447 10
487 449 10
487 455 10
487 457 10
487 459 10
487 460 10
487 462 10
487 463 10
487 465 10
487 469 10
487 471 10
487 477 10
487 478 10
487 483 10
487 487 10
487 489 10
487 495 10
487 496 10
487 498 10
487 499 10
487 500 10
487 502 10
487 506 10
487 508 10
487 510 10
487 516 10
487 518 10
487 519 10
487 520 10
487 521 10
487 526 10
487 534 10
487 535 10
487 540 10
487 541 10
487 543 10
487 544 10
487 547 10
487 550 10
487 560 10
487 561 10
487 564 10
487 566 10
487 574 10
487 584 10
487 599 10
488 411 10
488 418 10
488 438 10
488 440 10
488 441 10
488 442 10
488 444 10
488 445 10
488 446 10
488 450 10
488 451 10
488 452 10
488 454 10
488 455 10
488 457 10
488 460 10
488 461 10
488 462 10
488 463 10
488 464 10
488 465 10
488 468 10
488 469 10
488 471 10
488 472 10
488 475 10
488 483 10
488 489 10
488 492 10
488 493 10
488 495 10
488 496 10
488 498 10
488 499 10
488 501 10
488 502 10
488 505 10
488 506 10
488 507 10
488 508 10
488 510 10
488 511 10
488 513 10
488 515 10
488 517 10
488 518 10
488 522 10
488 523 10
488 524 10
488 530 10
488 531 10
488 534 10
488 537 10
488 540 10
488 547 10
488 549 10
488 551 10
488 558 10
488 562 10
488 563 10
488 568 10
488 571 10
488 572 10
488 586 10
488 587 10
488 596 10
489 421 10
489 424 10
489 425 10
489 426 10
489 427 10
489 440 10
489 442 10
489 443 10
489 445 10
489 448 10
489 456 10
489 458 10
489 460 10
489 462 10
489 463 10
489 465 10
489 467 10
489 469 10
489 480 10
489 481 10
489 483 10
489 484 10
489 485 10
489 486 10
489 488 10
489 492 10
489 497 10
489 500 10
489 501 10
489 503 10
489 508 10
489 509 10
489 511 10
489 512 10
489 513 10
489 514 10
489 516 10
489 517 10
489 518 10
489 519 10
489 520 10
489 522 10
489 523 10
489 524 10
489 528 10
489 532 10
489 533 10
489 539 10
489 540 10
489 542 10
489 543 10
489 544 10
489 558 10
489 561 10
489 566 10
489 570 10
489 574 10
489 597 10
489 598 10
489 599 10
489 600 10
490 414 10
490 416 10
490 418 10
490 420 10
490 421 10
490 422 10
490 423 10
490 440 10
490 441 10
490 442 10
490 443 10
490 445 10
490 446 10
490 447 10
490 450 10
490 451 10
490 453 10
490 456 10
490 460 10
490 461 10
490 462 10
490 464 10
490 465 10
490 469 10
490 484 10
490 487 10
490 489 10
490 490 10
490 492 10
490 493 10
490 494 10
490 496 10
490 503 10
490 505 10
490 507 10
490 508 10
490 510 10
490 511 10
490 512 10
490 514 10
490 516 10
490 517 10
490 520 10
490 524 10
490 529 10
490 530 10
490 539 10
490 540 10
490 541 10
490 542 10
490 545 10
490 551 10
490 560 10
490 564 10
490 567 10
490 568 10
490 570 10
490 571 10
490 574 10
490 577 10
490 585 10
490 592 10
491 416 10
491 417 10
491 418 10
491 419 10
491 420 10
491 421 10
491 442 10
491 443 10
491 445 10
491 447 10
491 451 10
491 452 10
491 453 10
491 456 10
491 460 10
491 461 10
491 465 10
491 467 10
491 468 10
491 475 10
491 478 10
491 480 10
491 482 10
491 483 10
491 484 10
491 487 10
491 489 10
491 491 10
491 492 10
491 494 10
491 503 10
491 507 10
491 513 10
491 514 10
491 515 10
491 516 10
491 517 10
491 518 10
491 519 10
491 520 10
491 525 10
491 528 10
491 531 10
491 537 10
491 539 10
491 540 10
491 542 10
491 543 10
491 551 10
491 553 10
491 556 10
491 560 10
491 561 10
491 562 10
491 565 10
491 568 10
491 573 10
491 577 10
491 582 10
491 583 10
491 585 10
491 590 10
491 592 10
491 597 10
491 598 10
491 599 10
491 600 10
491 601 10
491 602 10
492 418 10
492 419 10
492 423 10
492 438 10
492 441 10
492 446 10
492 447 10
492 448 10
492 451 10
492 453 10
492 454 10
492 457 10
492 458 10
492 461 10
492 462 10
492 463 10
492 465 10
492 468 10
492 470 10
492 480 10
492 482 10
492 484 10
492 486 10
492 488 10
492 489 10
492 490 10
492 493 10
492 494 10
492 499 10
492 501 10
492 502 10
492 503 10
492 504 10
492 507 10
492 509 10
492 512 10
492 513 10
492 514 10
492 515 10
492 516 10
492 517 10
492 518 10
492 522 10
492 523 10
492 524 10
492 531 10
492 539 10
492 541 10
492 543 10
492 548 10
492 555 10
492 557 10
492 558 10
492 560 10
492 561 10
492 565 10
492 568 10
492 579 10
492 595 10
492 599 10
493 413 10
493 419 10
493 421 10
493 422 10
493 439 10
493 441 10
493 443 10
493 444 10
493 454 10
493 456 10
493 458 10
493 459 10
493 460 10
493 461 10
493 462 10
493 465 10
493 466 10
493 470 10
493 472 10
493 478 10
493 479 10
493 480 10
493 481 10
493 482 10
493 486 10
493 487 10
493 491 10
493 492 10
493 495 10
493 496 10
493 497 10
493 500 10
493 503 10
493 504 10
493 506 10
493 507 10
493 511 10
493 512 10
493 513 10
493 514 10
493 515 10
493 517 10
493 518 10
493 519 10
493 520 10
493 521 10
493 522 10
493 523 10
493 524 10
493 526 10
493 528 10
493 531 10
493 535 10
493 541 10
493 542 10
493 544 10
493 546 10
493 547 10
493 549 10
493 557 10
493 558 10
493 560 10
493 561 10
493 568 10
493 569 10
493 583 10
493 596 10
494 416 10
494 417 10
494 418 10
494 419 10
494 420 10
494 421 10
494 422 10
494 423 10
494 426 10
494 427 10
494 437 10
494 439 10
494 445 10
494 451 10
494 464 10
494 465 10
494 466 10
494 468 10
494 476 10
494 480 10
494 481 10
494 483 10
494 484 10
494 485 10
494 489 10
494 490 10
494 491 10
494 492 10
494 493 10
494 494 10
494 495 10
494 502 10
494 504 10
494 505 10
494 506 10
494 510 10
494 511 10
494 513 10
494 516 10
494 517 10
494 518 10
494 519 10
494 520 10
494 522 10
494 524 10
494 526 10
494 529 10
494 530 10
494 531 10
494 533 10
494 540 10
494 546 10
494 547 10
494 556 10
494 559 10
494 560 10
494 561 10
494 564 10
494 592 10
494 593 10
494 594 10
494 595 10
494 598 10
494 600 10
495 414 10
495 416 10
495 417 10
495 421 10
495 424 10
495 439 10
495 462 10
495 466 10
495 467 10
495 468 10
495 470 10
495 479 10
495 481 10
495 482 10
495 483 10
495 484 10
495 485 10
495 486 10
495 487 10
495 488 10
495 489 10
495 490 10
495 493 10
495 495 10
495 496 10
495 498 10
495 500 10
495 501 10
495 502 10
495 504 10
495 505 10
495 511 10
495 514 10
495 515 10
495 516 10
495 518 10
495 519 10
495 520 10
495 521 10
495 522 10
495 523 10
495 524 10
495 526 10
495 528 10
495 531 10
495 532 10
495 536 10
495 538 10
495 539 10
495 540 10
495 545 10
495 546 10
495 555 10
495 557 10
495 558 10
495 560 10
495 561 10
495 562 10
495 564 10
495 567 10
495 598 10
496 414 10
496 418 10
496 421 10
496 422 10
496 423 10
496 424 10
496 426 10
496 427 10
496 433 10
496 450 10
496 458 10
496 460 10
496 461 10
496 467 10
496 478 10
496 479 10
496 480 10
496 482 10
496 483 10
496 484 10
496 485 10
496 487 10
496 489 10
496 490 10
496 493 10
496 494 10
496 495 10
496 496 10
496 497 10
496 498 10
496 499 10
496 500 10
496 501 10
496 503 10
496 504 10
496 509 10
496 510 10
496 511 10
496 513 10
496 514 10
496 516 10
496 517 10
496 518 10
496 519 10
496 521 10
496 523 10
496 525 10
496 530 10
496 531 10
496 532 10
496 534 10
496 540 10
496 542 10
496 543 10
496 548 10
496 559 10
496 561 10
496 564 10
496 565 10
496 593 10
496 594 10
496 598 10
496 599 10
497 414 10
497 416 10
497 418 10
497 420 10
497 421 10
497 424 10
497 425 10
497 426 10
497 427 10
497 428 10
497 433 10
497 435 10
497 457 10
497 460 10
497 465 10
497 466 10
497 472 10
497 477 10
497 484 10
497 485 10
497 486 10
497 490 10
497 491 10
497 494 10
497 495 10
497 496 10
497 497 10
497 498 10
497 499 10
497 502 10
497 503 10
497 507 10
497 508 10
497 513 10
497 516 10
497 517 10
497 519 10
497 520 10
497 521 10
497 522 10
497 523 10
497 524 10
497 525 10
497 527 10
497 528 10
497 531 10
497 533 10
497 537 10
497 538 10
497 540 10
497 541 10
497 543 10
497 544 10
497 545 10
497 546 10
497 548 10
497 556 10
497 561 10
497 563 10
497 566 10
497 591 10
498 407 10
498 409 10
498 416 10
498 417 10
498 418 10
498 421 10
498 422 10
498 423 10
498 425 10
498 426 10
498 429 10
498 433 10
498 445 10
498 447 10
498 450 10
498 456 10
498 464 10
498 467 10
498 469 10
498 478 10
498 485 10
498 488 10
498 489 10
498 491 10
498 492 10
498 493 10
498 496 10
498 497 10
498 499 10
498 502 10
498 504 10
498 506 10
498 508 10
498 515 10
498 516 10
498 518 10
498 524 10
498 525 10
498 527 10
498 529 10
498 531 10
498 537 10
498 538 10
498 539 10
498 541 10
498 543 10
498 548 10
498 549 10
498 551 10
498 559 10
498 564 10
498 566 10
498 591 10
499 415 10
499 416 10
499 419 10
499 420 10
499 422 10
499 423 10
499 424 10
499 426 10
499 429 10
499 430 10
499 440 10
499 446 10
499 449 10
499 453 10
499 455 10
499 456 10
499 464 10
499 466 10
499 467 10
499 470 10
499 472 10
499 475 10
499 485 10
499 488 10
499 489 10
499 490 10
499 491 10
499 492 10
499 494 10
499 496 10
499 500 10
499 502 10
499 503 10
499 506 10
499 508 10
499 515 10
499 519 10
499 520 10
499 522 10
499 523 10
499 524 10
499 525 10
499 526 10
499 527 10
499 531 10
499 532 10
499 539 10
499 540 10
499 543 10
499 545 10
499 546 10
499 548 10
499 551 10
499 555 10
499 556 10
499 562 10
499 563 10
499 566 10
499 591 10
500 414 10
500 417 10
500 418 10
500 420 10
500 424 10
500 425 10
500 429 10
500 430 10
500 431 10
500 436 10
500 437 10
500 438 10
500 439 10
500 442 10
500 445 10
500 447 10
500 451 10
500 454 10
500 464 10
500 467 10
500 468 10
500 474 10
500 476 10
500 481 10
500 489 10
500 491 10
500 493 10
500 495 10
500 498 10
500 499 10
500 501 10
500 505 10
500 510 10
500 511 10
500 512 10
500 513 10
500 514 10
500 515 10
500 516 10
500 517 10
500 519 10
500 520 10
500 521 10
500 523 10
500 524 10
500 525 10
500 527 10
500 528 10
500 535 10
500 536 10
500 539 10
500 541 10
500 542 10
500 544 10
500 546 10
500 548 10
500 549 10
500 564 10
500 566 10
500 592 10
500 594 10
501 415 10
501 420 10
501 421 10
501 422 10
501 427 10
501 433 10
501 440 10
501 449 10
501 451 10
501 459 10
501 460 10
501 462 10
501 463 10
501 469 10
501 472 10
501 478 10
501 480 10
501 482 10
501 488 10
501 491 10
501 493 10
501 494 10
501 496 10
501 498 10
501 499 10
501 501 10
501 503 10
501 508 10
501 510 10
501 511 10
501 512 10
501 515 10
501 519 10
501 521 10
501 522 10
501 524 10
501 526 10
501 527 10
501 529 10
501 530 10
501 533 10
501 539 10
501 540 10
501 541 10
501 548 10
501 556 10
501 562 10
501 564 10
502 415 10
502 420 10
502 431 10
502 433 10
502 439 10
502 440 10
502 441 10
502 448 10
502 451 10
502 454 10
502 457 10
502 463 10
502 466 10
502 469 10
502 472 10
502 473 10
502 476 10
502 477 10
502 478 10
502 490 10
502 491 10
502 495 10
502 498 10
502 500 10
502 501 10
502 502 10
502 504 10
502 505 10
502 506 10
502 508 10
502 509 10
502 511 10
502 513 10
502 515 10
502 517 10
502 518 10
502 519 10
502 520 10
502 521 10
502 523 10
502 524 10
502 527 10
502 528 10
502 532 10
502 536 10
502 537 10
502 538 10
502 539 10
502 540 10
502 543 10
502 544 10
502 546 10
502 547 10
502 554 10
502 591 10
502 592 10
503 415 10
503 427 10
503 429 10
503 430 10
503 431 10
503 438 10
503 439 10
503 441 10
503 459 10
503 460 10
503 463 10
503 464 10
503 469 10
503 471 10
503 482 10
503 497 10
503 500 10
503 501 10
503 506 10
503 509 10
503 518 10
503 521 10
503 525 10
503 527 10
503 541 10
503 542 10
503 544 10
503 547 10
503 549 10
503 554 10
503 555 10
503 556 10
503 560 10
504 415 10
504 420 10
504 430 10
504 440 10
504 462 10
504 463 10
504 469 10
504 470 10
504 472 10
504 474 10
504 494 10
504 495 10
504 497 10
504 500 10
504 509 10
504 511 10
504 515 10
504 518 10
504 524 10
504 534 10
504 535 10
504 536 10
504 540 10
504 541 10
504 542 10
504 554 10
505 441 10
505 442 10
505 450 10
505 455 10
505 459 10
505 461 10
505 462 10
505 464 10
505 468 10
505 470 10
505 471 10
505 474 10
505 490 10
505 491 10
505 492 10
505 501 10
505 502 10
505 511 10
505 512 10
505 516 10
505 529 10
505 536 10
505 538 10
505 539 10
505 540 10
505 543 10
505 546 10
505 547 10
505 548 10
505 556 10
506 438 10
506 461 10
506 464 10
506 470 10
506 471 10
506 472 10
506 489 10
506 496 10
506 503 10
506 506 10
506 507 10
506 508 10
506 509 10
506 510 10
506 511 10
506 512 10
506 513 10
506 518 10
506 520 10
506 528 10
506 533 10
506 536 10
506 537 10
506 539 10
506 540 10
506 543 10
506 548 10
506 550 10
506 551 10
506 553 10
507 455 10
507 459 10
507 462 10
507 464 10
507 466 10
507 467 10
507 481 10
507 486 10
507 509 10
507 511 10
507 512 10
507 515 10
507 516 10
507 517 100000
507 519 10
507 520 10
507 521 10
507 528 10
507 529 10
507 535 10
507 537 10
507 538 10
507 539 10
507 540 10
507 542 10
507 543 10
507 544 10
507 548 10
507 550 10
507 551 10
507 553 10
508 444 10
508 457 10
508 464 10
508 481 10
508 483 10
508 493 10
508 497 10
508 502 10
508 506 10
508 509 10
508 511 10
508 515 10
508 517 10
508 518 10
508 527 10
508 528 10
508 530 10
508 534 10
508 535 10
508 538 10
508 541 10
508 542 10
508 543 10
508 544 10
508 546 10
508 547 10
508 548 10
508 551 10
508 552 10
508 553 10
509 443 10
509 449 10
509 450 10
509 459 10
509 465 10
509 471 10
509 473 10
509 479 10
509 483 10
509 488 10
509 494 10
509 498 10
509 499 10
509 500 10
509 501 10
509 502 10
509 509 10
509 511 10
509 514 10
509 516 10
509 517 10
509 518 10
509 519 10
509 524 10
509 525 10
509 526 10
509 529 10
509 536 10
509 539 10
509 542 10
509 545 10
509 546 10
509 549 10
509 550 10
509 551 10
509 553 10
509 555 10
509 557 10
510 443 10
510 475 10
510 481 10
510 482 10
510 484 10
510 487 10
510 492 10
510 493 10
510 497 10
510 506 10
510 507 10
510 509 10
510 515 10
510 518 10
510 522 10
510 526 10
510 527 10
510 536 10
510 545 10
510 548 10
510 549 10
510 553 10
510 554 10
510 563 10
511 416 10
511 435 10
511 441 10
511 445 10
511 463 10
511 465 10
511 467 10
511 468 10
511 469 10
511 473 10
511 481 10
511 483 10
511 490 10
511 491 10
511 495 10
511 498 10
511 499 10
511 500 10
511 501 10
511 502 10
511 504 10
511 510 10
511 511 10
511 513 10
511 514 10
511 519 10
511 520 10
511 521 10
511 527 10
511 528 10
511 534 10
511 535 10
511 536 10
511 538 10
511 540 10
511 545 10
511 547 10
511 548 10
511 550 10
511 554 10
511 555 10
511 556 10
511 557 10
511 563 10
512 425 10
512 426 10
512 427 10
512 436 10
512 440 10
512 443 10
512 444 10
512 445 10
512 447 10
512 450 10
512 461 10
512 467 10
512 469 10
512 481 10
512 482 10
512 495 10
512 497 10
512 500 10
512 501 10
512 504 10
512 507 10
512 517 10
512 518 10
512 519 10
512 520 10
512 522 10
512 524 10
512 526 10
512 527 10
512 530 10
512 531 10
512 532 10
512 533 10
512 542 10
512 543 10
512 546 10
512 547 10
512 550 10
512 551 10
512 552 10
512 554 10
512 555 10
512 556 10
513 414 10
513 419 10
513 425 10
513 426 10
513 434 10
513 435 10
513 436 10
513 441 10
513 442 10
513 459 10
513 460 10
513 464 10
513 466 10
513 479 10
513 482 10
513 484 10
513 492 10
513 495 10
513 496 10
513 498 10
513 499 10
513 500 10
513 501 10
513 509 10
513 510 10
513 511 10
513 516 10
513 518 10
513 524 10
513 526 10
513 534 10
513 536 10
513 537 10
513 540 10
513 541 10
513 543 10
513 544 10
513 546 10
513 548 10
513 549 10
513 550 10
513 557 10
513 561 10
514 419 10
514 421 10
514 425 10
514 432 10
514 435 10
514 438 10
514 441 10
514 445 10
514 459 10
514 467 10
514 471 10
514 481 10
514 486 10
514 490 10
514 498 10
514 501 10
514 503 10
514 508 10
514 509 10
514 513 10
514 516 10
514 517 10
514 520 10
514 523 10
514 524 10
514 525 10
514 526 10
514 538 10
514 544 10
514 545 10
514 546 10
514 549 10
514 550 10
514 551 10
514 553 10
514 557 10
515 423 10
515 428 10
515 432 10
515 435 10
515 439 10
515 442 10
515 443 10
515 444 10
515 459 10
515 460 10
515 462 10
515 464 10
515 465 10
515 468 10
515 469 10
515 470 10
515 474 10
515 484 10
515 489 10
515 500 10
515 501 10
515 503 10
515 504 10
515 510 10
515 511 10
515 512 10
515 513 10
515 521 10
515 523 10
515 524 10
515 533 10
515 538 10
515 544 10
515 545 10
515 546 10
515 549 10
515 557 10
516 422 10
516 423 10
516 433 10
516 436 10
516 438 10
516 440 10
516 444 10
516 457 10
516 459 10
516 467 10
516 468 10
516 470 10
516 473 10
516 477 10
516 481 10
516 483 10
516 490 10
516 492 10
516 493 10
516 496 10
516 498 10
516 499 10
516 500 10
516 503 10
516 504 10
516 505 10
516 506 10
516 507 10
516 508 10
516 509 10
516 510 10
516 512 10
516 513 10
516 515 10
516 518 10
516 520 10
516 522 10
516 543 10
516 546 10
516 547 10
516 548 10
516 550 10
516 552 10
516 555 10
516 556 10
516 559 10
517 423 10
517 426 10
517 433 10
517 438 10
517 439 10
517 440 10
517 441 10
517 443 10
517 444 10
517 445 10
517 451 10
517 452 10
517 454 10
517 457 10
517 460 10
517 463 10
517 467 10
517 480 10
517 481 10
517 482 10
517 483 10
517 484 10
517 487 10
517 489 10
517 491 10
517 494 10
517 500 10
517 501 10
517 502 10
517 503 10
517 504 10
517 505 10
517 506 10
517 509 10
517 515 10
517 516 10
517 522 10
517 533 10
517 539 10
517 548 10
517 551 10
517 556 10
517 561 10
518 418 10
518 423 10
518 426 10
518 430 10
518 431 10
518 436 10
518 437 10
518 442 10
518 444 10
518 445 10
518 454 10
518 455 10
518 459 10
518 460 10
518 466 10
518 467 10
518 471 10
518 472 10
518 474 10
518 475 10
518 476 10
518 479 10
518 480 10
518 482 10
518 483 10
518 484 10
518 492 10
518 495 10
518 496 10
518 499 10
518 500 10
518 501 10
518 502 10
518 503 10
518 504 10
518 505 10
518 508 10
518 518 10
518 519 10
518 522 10
518 525 10
518 539 10
518 541 10
518 543 10
518 545 10
518 547 10
518 550 10
518 556 10
519 426 10
519 437 10
519 439 10
519 440 10
519 441 10
519 442 10
519 446 10
519 454 10
519 455 10
519 456 10
519 457 10
519 460 10
519 462 10
519 463 10
519 468 10
519 469 10
519 471 10
519 473 10
519 476 10
519 478 10
519 481 10
519 482 10
519 485 10
519 493 10
519 494 10
519 496 10
519 497 10
519 501 10
519 502 10
519 504 10
519 505 10
519 506 10
519 507 10
519 508 10
519 510 10
519 523 10
519 533 10
519 534 10
519 535 10
519 542 10
519 544 10
519 546 10
519 548 10
519 551 10
519 556 10
519 558 10
520 428 10
520 430 10
520 436 10
520 437 10
520 438 10
520 440 10
520 443 10
520 445 10
520 446 10
520 447 10
520 449 10
520 457 10
520 458 10
520 464 10
520 465 10
520 467 10
520 468 10
520 472 10
520 473 10
520 476 10
520 477 10
520 478 10
520 480 10
520 484 10
520 489 10
520 491 10
520 493 10
520 494 10
520 496 10
520 497 10
520 499 10
520 500 10
520 503 10
520 504 10
520 505 10
520 508 10
520 510 10
520 511 10
520 519 10
520 526 10
520 531 10
520 533 10
520 534 10
520 536 10
520 537 10
520 542 10
520 544 10
520 546 10
520 547 10
520 548 10
520 550 10
520 559 10
521 430 10
521 431 10
521 440 10
521 441 10
521 442 10
521 443 10
521 445 10
521 446 10
521 449 10
521 451 10
521 454 10
521 455 10
521 457 10
521 459 10
521 469 10
521 470 10
521 471 10
521 482 10
521 484 10
521 487 10
521 489 10
521 492 10
521 493 10
521 495 10
521 496 10
521 499 10
521 500 10
521 503 10
521 504 10
521 507 10
521 508 10
521 509 10
521 511 10
521 512 10
521 515 10
521 522 10
521 525 10
521 527 10
521 529 10
521 530 10
521 533 10
521 543 10
521 548 10
521 550 10
521 556 10
522 429 10
522 435 10
522 436 10
522 438 10
522 439 10
522 440 10
522 444 10
522 447 10
522 450 10
522 452 10
522 457 10
522 459 10
522 463 10
522 468 10
522 470 10
522 472 10
522 473 10
522 474 10
522 475 10
522 477 10
522 482 10
522 483 10
522 486 10
522 488 10
522 490 10
522 491 10
522 494 10
522 496 10
522 497 10
522 500 10
522 501 10
522 502 10
522 508 10
522 512 10
522 513 10
522 514 10
522 517 10
522 523 10
522 525 10
522 528 10
522 532 10
522 548 10
522 559 10
523 439 10
523 444 10
523 445 10
523 446 10
523 447 10
523 449 10
523 452 10
523 453 10
523 462 10
523 463 10
523 464 10
523 471 10
523 472 10
523 476 10
523 484 10
523 485 10
523 486 10
523 488 10
523 495 10
523 499 10
523 500 10
523 501 10
523 502 10
523 505 10
523 506 10
523 507 10
523 511 10
523 512 10
523 514 10
523 522 10
523 528 10
523 529 10
523 530 10
523 533 10
523 535 10
523 544 10
523 546 10
523 556 10
523 560 10
523 561 10
524 426 10
524 442 10
524 443 10
524 447 10
524 450 10
524 453 10
524 454 10
524 458 10
524 460 10
524 461 10
524 468 10
524 476 10
524 478 10
524 483 10
524 484 10
524 487 10
524 488 10
524 489 10
524 490 10
524 491 10
524 492 10
524 494 10
524 495 10
524 496 10
524 497 10
524 498 10
524 501 10
524 502 10
524 503 10
524 505 10
524 507 10
524 510 10
524 514 10
524 516 10
524 519 10
524 520 10
524 521 10
524 522 10
524 523 10
524 524 10
524 526 10
524 527 10
524 529 10
524 530 10
524 532 10
524 534 10
524 539 10
525 444 10
525 446 10
525 448 10
525 449 10
525 451 10
525 452 10
525 453 10
525 455 10
525 458 10
525 460 10
525 461 10
525 463 10
525 466 10
525 468 10
525 471 10
525 472 10
525 473 10
525 474 10
525 477 10
525 481 10
525 482 10
525 484 10
525 486 10
525 487 10
525 488 10
525 489 10
525 490 10
525 492 10
525 499 10
525 500 10
525 501 10
525 503 10
525 506 10
525 508 10
525 509 10
525 510 10
525 512 10
525 514 10
525 524 10
525 525 10
525 526 10
525 529 10
525 531 10
525 532 10
525 533 10
525 537 10
525 541 10
526 442 10
526 449 10
526 450 10
526 453 10
526 454 10
526 458 10
526 460 10
526 461 10
526 462 10
526 463 10
526 472 10
526 473 10
526 475 10
526 477 10
526 478 10
526 479 10
526 484 10
526 486 10
526 491 10
526 492 10
526 494 10
526 497 10
526 500 10
526 504 10
526 507 10
526 508 10
526 510 10
526 511 10
526 512 10
526 514 10
526 515 10
526 517 10
526 522 10
526 524 10
526 525 10
526 526 10
526 529 10
526 530 10
526 531 10
526 532 10
526 533 10
526 536 10
526 540 10
526 541 10
526 562 10
527 445 10
527 448 10
527 450 10
527 458 10
527 460 10
527 461 10
527 462 10
527 464 10
527 467 10
527 471 10
527 472 10
527 474 10
527 481 10
527 482 10
527 485 10
527 486 10
527 487 10
527 488 10
527 489 10
527 490 10
527 492 10
527 493 10
527 494 10
527 495 10
527 497 10
527 498 10
527 499 10
527 500 10
527 501 10
527 503 10
527 504 10
527 508 10
527 509 10
527 510 10
527 511 10
527 515 10
527 525 10
527 526 10
527 528 10
527 530 10
527 533 10
527 534 10
527 542 10
528 449 10
528 450 10
528 451 10
528 454 10
528 455 10
528 461 10
528 463 10
528 475 10
528 478 10
528 479 10
528 480 10
528 481 10
528 484 10
528 485 10
528 488 10
528 491 10
528 492 10
528 494 10
528 507 10
528 508 10
528 510 10
528 511 10
528 512 10
528 513 10
528 514 10
528 515 10
528 518 10
528 525 10
528 526 10
528 527 10
528 528 10
528 529 10
528 531 10
528 532 10
529 448 10
529 450 10
529 453 10
529 463 10
529 464 10
529 465 10
529 466 10
529 467 10
529 468 10
529 476 10
529 477 10
529 479 10
529 480 10
529 481 10
529 482 10
529 487 10
529 490 10
529 491 10
529 494 10
529 495 10
529 496 10
529 497 10
529 499 10
529 501 10
529 504 10
529 509 10
529 510 10
529 512 10
529 515 10
529 516 10
529 517 10
529 519 10
529 523 10
529 525 10
529 528 10
529 530 10
529 531 10
529 532 10
529 534 10
529 535 10
529 540 10
529 542 10
529 546 10
529 563 10
530 453 10
530 455 10
530 457 10
530 464 10
530 466 10
530 470 10
530 474 10
530 478 10
530 481 10
530 483 10
530 484 10
530 486 10
530 487 10
530 488 10
530 491 10
530 493 10
530 496 10
530 498 10
530 502 10
530 505 10
530 508 10
530 509 10
530 511 10
530 513 10
530 514 10
530 517 10
530 518 10
530 519 10
530 520 10
530 523 10
530 524 10
530 526 10
530 527 10
530 529 10
530 533 10
530 535 10
530 564 10
531 439 10
531 441 10
531 453 10
531 454 10
531 456 10
531 458 10
531 461 10
531 462 10
531 468 10
531 478 10
531 479 10
531 484 10
531 485 10
531 486 10
531 488 10
531 490 10
531 491 10
531 492 10
531 494 10
531 497 10
531 498 10
531 499 10
531 500 10
531 501 10
531 506 10
531 507 10
531 508 10
531 511 10
531 513 10
531 514 10
531 516 10
531 517 10
531 519 10
531 520 10
531 522 10
531 523 10
531 524 10
531 525 10
531 528 10
531 529 10
531 532 10
531 535 10
531 538 10
531 541 10
531 543 10
531 545 10
531 552 10
531 554 10
532 437 10
532 443 10
532 453 10
532 454 10
532 455 10
532 457 10
532 474 10
532 476 10
532 481 10
532 483 10
532 486 10
532 488 10
532 489 10
532 490 10
532 493 10
532 494 10
532 495 10
532 496 10
532 497 10
532 498 10
532 500 10
532 502 10
532 503 10
532 509 10
532 510 10
532 512 10
532 514 10
532 515 10
532 517 10
532 520 10
532 522 10
532 524 10
532 525 10
532 529 10
532 533 10
532 534 10
532 535 10
532 537 10
532 539 10
533 439 10
533 440 10
533 451 10
533 454 10
533 455 10
533 456 10
533 457 10
533 459 10
533 460 10
533 461 10
533 462 10
533 465 10
533 466 10
533 469 10
533 471 10
533 479 10
533 480 10
533 481 10
533 484 10
533 485 10
533 486 10
533 487 10
533 488 10
533 489 10
533 490 10
533 491 10
533 494 10
533 497 10
533 499 10
533 501 10
533 502 10
533 503 10
533 507 10
533 508 10
533 510 10
533 511 10
533 515 10
533 517 10
533 520 10
533 521 10
533 522 10
533 523 10
533 524 10
533 526 10
533 529 10
533 531 10
533 532 10
533 534 10
534 437 10
534 438 10
534 441 10
534 443 10
534 444 10
534 449 10
534 454 10
534 455 10
534 460 10
534 461 10
534 462 10
534 471 10
534 480 10
534 481 10
534 486 10
534 487 10
534 490 10
534 492 10
534 496 10
534 497 10
534 498 10
534 500 10
534 501 10
534 502 10
534 503 10
534 505 10
534 506 10
534 508 10
534 509 10
534 511 10
534 512 10
534 513 10
534 518 10
534 521 10
534 523 10
534 524 10
534 525 10
534 529 10
534 530 10
534 531 10
534 532 10
534 533 10
534 534 10
534 535 10
534 536 10
534 539 10
534 548 10
534 564 10
534 565 10
534 568 10
535 432 10
535 441 10
535 459 10
535 460 10
535 461 10
535 462 10
535 464 10
535 465 10
535 467 10
535 476 10
535 478 10
535 479 10
535 483 10
535 484 10
535 485 10
535 489 10
535 490 10
535 491 10
535 492 10
535 494 10
535 495 10
535 496 10
535 499 10
535 500 10
535 502 10
535 503 10
535 505 10
535 506 10
535 507 10
535 509 10
535 510 10
535 511 10
535 512 10
535 516 10
535 517 10
535 520 10
535 521 10
535 525 10
535 526 10
535 528 10
535 537 10
535 538 10
535 539 10
535 540 10
535 541 10
535 543 10
535 554 10
535 556 10
535 564 10
535 566 10
535 570 10
536 432 10
536 433 10
536 438 10
536 442 10
536 443 10
536 447 10
536 448 10
536 449 10
536 450 10
536 451 10
536 452 10
536 456 10
536 458 10
536 459 10
536 462 10
536 465 10
536 466 10
536 467 10
536 468 10
536 469 10
536 474 10
536 477 10
536 478 10
536 479 10
536 481 10
536 482 10
536 487 10
536 488 10
536 490 10
536 492 10
536 493 10
536 495 10
536 497 10
536 498 10
536 500 10
536 501 10
536 502 10
536 503 10
536 504 10
536 505 10
536 506 10
536 507 10
536 509 10
536 511 10
536 514 10
536 515 10
536 518 10
536 519 10
536 526 10
536 527 10
536 529 10
536 530 10
536 538 10
536 539 10
536 540 10
536 544 10
536 545 10
536 549 10
536 554 10
536 555 10
536 556 10
536 566 10
536 568 10
537 431 10
537 436 10
537 437 10
537 438 10
537 440 10
537 442 10
537 446 10
537 447 10
537 448 10
537 453 10
537 454 10
537 455 10
537 463 10
537 465 10
537 466 10
537 471 10
537 475 10
537 477 10
537 478 10
537 479 10
537 480 10
537 483 10
537 488 10
537 489 10
537 490 10
537 492 10
537 493 10
537 495 10
537 497 10
537 501 10
537 503 10
537 504 10
537 505 10
537 506 10
537 507 10
537 508 10
537 510 10
537 511 10
537 512 10
537 517 10
537 519 10
537 525 10
537 526 10
537 527 10
537 528 10
537 529 10
537 534 10
537 540 10
537 542 10
537 548 10
537 551 10
537 553 10
537 558 10
537 562 10
537 563 10
537 569 10
538 432 10
538 434 10
538 436 10
538 438 10
538 440 10
538 444 10
538 446 10
538 449 10
538 451 10
538 452 10
538 454 10
538 455 10
538 458 10
538 467 10
538 468 10
538 469 10
538 470 10
538 476 10
538 477 10
538 479 10
538 480 10
538 483 10
538 484 10
538 485 10
538 490 10
538 493 10
538 496 10
538 497 10
538 499 10
538 505 10
538 506 10
538 507 10
538 508 10
538 509 10
538 511 10
538 514 10
538 515 10
538 516 10
538 517 10
538 521 10
538 523 10
538 524 10
538 530 10
538 532 10
538 533 10
538 534 10
538 535 10
538 539 10
538 541 10
538 547 10
538 551 10
538 552 10
538 555 10
538 556 10
538 560 10
538 561 10
538 562 10
539 432 10
539 434 10
539 436 10
539 438 10
539 441 10
539 442 10
539 443 10
539 444 10
539 445 10
539 446 10
539 448 10
539 450 10
539 452 10
539 454 10
539 455 10
539 457 10
539 460 10
539 462 10
539 465 10
539 466 10
539 469 10
539 470 10
539 471 10
539 472 10
539 473 10
539 474 10
539 475 10
539 480 10
539 481 10
539 492 10
539 493 10
539 495 10
539 497 10
539 499 10
539 501 10
539 502 10
539 506 10
539 509 10
539 510 10
539 519 10
539 520 10
539 523 10
539 525 10
539 526 10
539 527 10
539 528 10
539 530 10
539 535 10
539 537 10
539 540 10
539 547 10
539 548 10
539 550 10
539 553 10
539 554 10
539 556 10
539 558 10
539 564 10
540 440 10
540 446 10
540 447 10
540 450 10
540 453 10
540 454 10
540 456 10
540 458 10
540 460 10
540 462 10
540 464 10
540 465 10
540 466 10
540 467 10
540 470 10
540 472 10
540 477 10
540 478 10
540 479 10
540 481 10
540 484 10
540 507 10
540 508 10
540 511 10
540 513 10
540 514 10
540 516 10
540 517 10
540 518 10
540 520 10
540 521 10
540 523 10
540 524 10
540 525 10
540 534 10
540 535 10
540 540 10
540 553 10
540 556 10
540 557 10
540 559 10
540 560 10
540 561 10
540 562 10
540 564 10
540 565 10
541 442 10
541 447 10
541 450 10
541 451 10
541 452 10
541 454 10
541 456 10
541 457 10
541 458 10
541 460 10
541 462 10
541 463 10
541 464 10
541 465 10
541 468 10
541 470 10
541 478 10
541 480 10
541 481 10
541 483 10
541 490 10
541 491 10
541 495 10
541 497 10
541 500 10
541 501 10
541 503 10
541 507 10
541 512 10
541 513 10
541 516 10
541 517 10
541 519 10
541 520 10
541 522 10
541 528 10
541 535 10
541 538 10
541 539 10
541 544 10
541 547 10
541 550 10
541 552 10
541 553 10
541 554 10
541 555 10
541 556 10
541 558 10
541 559 10
541 560 10
541 561 10
541 562 10
541 563 10
541 566 10
541 568 10
541 569 10
542 442 10
542 453 10
542 454 10
542 455 10
542 457 10
542 458 10
542 459 10
542 460 10
542 461 10
542 464 10
542 465 10
542 466 10
542 467 10
542 468 10
542 470 10
542 472 10
542 476 10
542 478 10
542 479 10
542 480 10
542 485 10
542 491 10
542 496 10
542 507 10
542 508 10
542 509 10
542 510 10
542 513 10
542 515 10
542 517 10
542 518 10
542 519 10
542 525 10
542 528 10
542 530 10
542 531 10
542 536 10
542 538 10
542 542 10
542 545 10
542 548 10
542 553 10
542 555 10
542 556 10
542 557 10
542 558 10
542 559 10
542 560 10
542 561 10
542 562 10
542 563 10
542 564 10
542 566 10
543 436 10
543 445 10
543 454 10
543 456 10
543 457 10
543 458 10
543 460 10
543 462 10
543 464 10
543 465 10
543 467 10
543 469 10
543 470 10
543 471 10
543 472 10
543 473 10
543 478 10
543 479 10
543 481 10
543 482 10
543 483 10
543 488 10
543 489 10
543 491 10
543 500 10
543 501 10
543 506 10
543 508 10
543 510 10
543 515 10
543 517 10
543 518 10
543 519 10
543 522 10
543 527 10
543 530 10
543 531 10
543 532 10
543 534 10
543 536 10
543 538 10
543 541 10
543 543 10
543 544 10
543 547 10
543 550 10
543 555 10
543 557 10
543 558 10
543 559 10
543 560 10
543 561 10
543 562 10
543 563 10
544 436 10
544 445 10
544 450 10
544 452 10
544 453 10
544 454 10
544 458 10
544 461 10
544 463 10
544 464 10
544 466 10
544 470 10
544 472 10
544 473 10
544 474 10
544 476 10
544 477 10
544 478 10
544 479 10
544 480 10
544 481 10
544 487 10
544 491 10
544 492 10
544 495 10
544 500 10
544 506 10
544 509 10
544 510 10
544 513 10
544 514 10
544 515 10
544 517 10
544 518 10
544 519 10
544 522 10
544 524 10
544 526 10
544 530 10
544 534 10
544 540 10
544 545 10
544 548 10
544 552 10
544 554 10
544 555 10
544 556 10
544 557 10
544 559 10
544 560 10
544 562 10
544 563 10
545 434 10
545 455 10
545 458 10
545 459 10
545 460 10
545 462 10
545 463 10
545 465 10
545 466 10
545 467 10
545 468 10
545 469 10
545 470 10
545 471 10
545 473 10
545 477 10
545 479 10
545 480 10
545 481 10
545 489 10
545 490 10
545 500 10
545 503 10
545 507 10
545 508 10
545 511 10
545 512 10
545 513 10
545 515 10
545 517 10
545 518 10
545 519 10
545 521 10
545 524 10
545 529 10
545 531 10
545 533 10
545 547 10
545 554 10
545 558 10
545 559 10
545 560 10
545 563 10
546 459 10
546 460 10
546 461 10
546 462 10
546 465 10
546 468 10
546 469 10
546 470 10
546 471 10
546 474 10
546 476 10
546 478 10
546 479 10
546 480 10
546 481 10
546 487 10
546 490 10
546 504 10
546 506 10
546 510 10
546 513 10
546 517 10
546 518 10
546 519 10
546 526 10
546 528 10
546 529 10
546 532 10
546 533 10
546 535 10
546 549 10
546 553 10
546 554 10
546 557 10
546 561 10
546 563 10
546 566 10
547 462 10
547 465 10
547 466 10
547 467 10
547 468 10
547 470 10
547 471 10
547 472 10
547 473 10
547 475 10
547 476 10
547 477 10
547 478 10
547 479 10
547 481 10
547 487 10
547 507 10
547 508 10
547 511 10
547 512 10
547 513 10
547 514 10
547 515 10
547 517 10
547 518 10
547 519 10
547 520 10
547 522 10
547 527 10
547 529 10
547 533 10
547 534 10
547 543 10
547 545 10
547 549 10
547 555 10
547 556 10
547 557 10
547 561 10
547 564 10
547 570 10
548 448 10
548 454 10
548 460 10
548 461 10
548 463 10
548 464 10
548 467 10
548 470 10
548 471 10
548 475 10
548 476 10
548 477 10
548 478 10
548 479 10
548 484 10
548 487 10
548 489 10
548 490 10
548 491 10
548 504 10
548 505 10
548 506 10
548 507 10
548 508 10
548 509 10
548 510 10
548 513 10
548 514 10
548 515 10
548 516 10
548 517 10
548 518 10
548 520 10
548 523 10
548 524 10
548 527 10
548 528 10
548 534 10
548 543 10
548 552 10
548 556 10
549 448 10
549 463 10
549 464 10
549 465 10
549 467 10
549 469 10
549 471 10
549 472 10
549 476 10
549 477 10
549 480 10
549 482 10
549 483 10
549 484 10
549 485 10
549 486 10
549 487 10
549 491 10
549 504 10
549 505 10
549 506 10
549 511 10
549 514 10
549 515 10
549 516 10
549 517 10
549 518 10
549 519 10
549 527 10
549 529 10
549 530 10
549 532 10
549 541 10
549 544 10
549 545 10
549 546 10
549 547 10
549 552 10
549 553 10
549 556 10
549 558 10
549 562 10
549 564 10
550 456 10
550 458 10
550 459 10
550 462 10
550 464 10
550 469 10
550 471 10
550 474 10
550 475 10
550 476 10
550 479 10
550 483 10
550 484 10
550 487 10
550 508 10
550 512 10
550 513 10
550 514 10
550 516 10
550 520 10
550 522 10
550 523 10
550 528 10
550 529 10
550 538 10
550 540 10
550 546 10
550 547 10
550 548 10
550 550 10
550 552 10
550 553 10
551 458 10
551 460 10
551 465 10
551 470 10
551 472 10
551 473 10
551 474 10
551 475 10
551 479 10
551 480 10
551 482 10
551 483 10
551 485 10
551 510 10
551 511 10
551 512 10
551 513 10
551 514 10
551 515 10
551 516 10
551 519 10
551 523 10
551 539 10
551 541 10
551 545 10
551 548 10
551 552 10
551 553 10
551 554 10
551 555 10
551 556 10
551 562 10
551 567 10
551 575 10
552 461 10
552 463 10
552 467 10
552 468 10
552 473 10
552 474 10
552 475 10
552 480 10
552 481 10
552 482 10
552 483 10
552 484 10
552 485 10
552 512 10
552 513 10
552 517 10
552 518 10
552 519 10
552 524 10
552 541 10
552 549 10
552 551 10
552 552 10
552 573 10
553 461 10
553 463 10
553 468 10
553 471 10
553 474 10
553 482 10
553 485 10
553 491 10
553 511 10
553 515 10
553 518 10
553 519 10
553 523 10
553 525 10
553 537 10
553 544 10
553 547 10
553 549 10
553 553 10
553 554 10
553 556 10
553 561 10
553 563 10
553 573 10
554 462 10
554 467 10
554 472 10
554 476 10
554 481 10
554 483 10
554 485 10
554 509 10
554 512 10
554 513 10
554 514 10
554 515 10
554 516 10
554 517 10
554 535 10
554 541 10
554 546 10
554 548 10
554 553 10
554 555 10
554 576 10
555 459 10
555 461 10
555 466 10
555 468 10
555 469 10
555 471 10
555 474 10
555 475 10
555 476 10
555 483 10
555 511 10
555 512 10
555 514 10
555 515 10
555 516 10
555 517 10
555 519 10
555 521 10
555 534 10
555 551 10
555 556 10
555 561 10
555 566 10
555 574 10
555 575 10
556 460 10
556 463 10
556 468 10
556 471 10
556 472 10
556 474 10
556 475 10
556 476 10
556 477 10
556 484 10
556 509 10
556 510 10
556 515 10
556 516 10
556 522 10
556 523 10
556 525 10
556 528 10
556 534 10
556 547 10
556 563 10
556 565 10
556 566 10
556 575 10
557 470 10
557 471 10
557 472 10
557 474 10
557 475 10
557 478 10
557 511 10
557 513 10
557 520 10
557 521 10
557 533 10
557 574 10
558 464 10
558 468 10
558 470 10
558 474 10
558 476 10
558 477 10
558 510 10
558 520 10
558 526 10
558 530 10
558 557 10
559 465 10
559 477 10
559 514 10
559 519 10
559 526 10
560 559 10
561 541 10
561 543 10
561 561 10
562 471 10
563 473 10
563 475 10
564 475 10
565 547 10
566 544 10
566 546 10
566 547 10
566 548 10
567 538 10
567 545 10
568 542 10
568 543 10
568 546 10
568 548 10
569 543 10
569 544 10
569 545 10
