1024
387 566 10
387 567 10
388 566 10
389 592 10
390 565 10
390 566 10
390 567 10
390 569 10
390 573 10
390 592 10
390 593 10
390 595 10
391 569 10
391 570 10
391 574 10
391 575 10
391 576 10
391 578 10
391 593 10
391 594 10
392 564 10
392 567 10
392 568 10
392 571 10
392 572 10
392 576 10
392 582 10
392 584 10
392 592 10
392 593 10
392 594 10
392 595 10
393 564 10
393 569 10
393 574 10
393 575 10
393 579 10
393 581 10
393 588 10
393 590 10
393 591 10
393 592 10
393 597 10
394 565 10
394 567 10
394 569 10
394 580 10
394 581 10
394 582 10
394 584 10
394 590 10
394 592 10
394 594 10
394 595 10
394 598 10
394 604 10
395 555 10
395 556 10
395 559 10
395 570 10
395 576 10
395 577 10
395 578 10
395 579 10
395 580 10
395 582 10
395 590 10
395 592 10
395 594 10
395 605 10
396 557 10
396 569 10
396 572 10
396 578 10
396 580 10
396 583 10
396 590 10
396 593 10
396 594 10
396 595 10
396 604 10
397 562 10
397 564 10
397 565 10
397 569 10
397 577 10
397 579 10
397 581 10
397 582 10
397 590 10
397 596 10
397 604 10
398 556 10
398 558 10
398 562 10
398 564 10
398 571 10
398 576 10
398 577 10
398 578 10
398 580 10
398 582 10
398 583 10
398 584 10
399 558 10
399 559 10
399 570 10
399 578 10
399 580 10
399 582 10
399 583 10
399 589 10
399 598 10
399 602 10
399 603 10
400 558 10
400 561 10
400 562 10
400 563 10
400 566 10
400 576 10
400 580 10
400 582 10
400 597 10
400 601 10
400 603 10
400 604 10
401 559 10
401 562 10
401 563 10
401 572 10
401 575 10
401 578 10
401 597 10
401 599 10
401 601 10
402 575 10
402 579 10
402 583 10
402 599 10
402 601 10
402 603 10
403 557 10
403 570 10
403 571 10
403 574 10
403 576 10
403 578 10
403 584 10
403 597 10
403 600 10
403 601 10
403 603 10
403 606 10
404 548 10
404 567 10
404 568 10
404 569 10
404 576 10
404 580 10
404 582 10
404 584 10
404 595 10
404 599 10
404 600 10
404 602 10
404 603 10
404 604 10
405 577 10
405 578 10
405 581 10
405 604 10
406 551 10
406 564 10
406 566 10
406 577 10
406 583 10
406 588 10
406 591 10
406 592 10
406 595 10
406 596 10
406 601 10
407 568 10
407 571 10
407 574 10
407 578 10
407 592 10
407 597 10
407 600 10
407 601 10
408 547 10
408 550 10
408 551 10
408 560 10
408 566 10
408 572 10
408 575 10
408 576 10
408 579 10
408 581 10
408 583 10
408 587 10
408 591 10
408 592 10
408 594 10
408 596 10
408 600 10
408 601 10
408 602 10
409 544 10
409 549 10
409 552 10
409 555 10
409 560 10
409 561 10
409 566 10
409 570 10
409 574 10
409 576 10
409 577 10
409 578 10
409 583 10
409 584 10
409 585 10
409 590 10
409 592 10
409 594 10
409 595 10
409 597 10
409 598 10
409 599 10
409 600 10
409 601 10
409 605 10
409 607 10
410 551 10
410 560 10
410 561 10
410 563 10
410 578 10
410 579 10
410 581 10
410 582 10
410 583 10
410 584 10
410 587 10
410 592 10
410 594 10
410 599 10
410 600 10
410 605 10
411 533 10
411 539 10
411 542 10
411 547 10
411 549 10
411 550 10
411 553 10
411 556 10
411 558 10
411 559 10
411 563 10
411 564 10
411 566 10
411 572 10
411 576 10
411 577 10
411 583 10
411 585 10
411 590 10
411 592 10
411 594 10
411 596 10
412 544 10
412 550 10
412 553 10
412 554 10
412 556 10
412 558 10
412 560 10
412 573 10
412 575 10
412 576 10
412 577 10
412 578 10
412 580 10
412 582 10
412 584 10
412 588 10
412 590 10
412 591 10
412 596 10
412 600 10
412 612 10
413 531 10
413 536 10
413 538 10
413 539 10
413 541 10
413 548 10
413 549 10
413 550 10
413 553 10
413 554 10
413 555 10
413 557 10
413 559 10
413 574 10
413 590 10
413 599 10
413 600 10
413 603 10
413 604 10
413 616 10
414 529 10
414 533 10
414 534 10
414 541 10
414 543 10
414 544 10
414 546 10
414 547 10
414 548 10
414 550 10
414 551 10
414 552 10
414 553 10
414 555 10
414 556 10
414 558 10
414 560 10
414 561 10
414 565 10
414 566 10
414 577 10
414 610 10
414 612 10
414 613 10
414 615 10
414 616 10
415 532 10
415 535 10
415 536 10
415 538 10
415 539 10
415 542 10
415 547 10
415 549 10
415 551 10
415 552 10
415 553 10
415 554 10
415 558 10
415 570 10
415 575 10
415 579 10
415 586 10
415 598 10
415 600 10
415 611 10
415 613 10
415 616 10
416 530 10
416 534 10
416 544 10
416 546 10
416 548 10
416 549 10
416 550 10
416 551 10
416 555 10
416 559 10
416 564 10
416 566 10
416 567 10
416 576 10
416 585 10
416 597 10
416 607 10
416 609 10
416 612 10
416 616 10
416 617 10
417 544 10
417 547 10
417 548 10
417 549 10
417 550 10
417 551 10
417 552 10
417 553 10
417 554 10
417 555 10
417 556 10
417 557 10
417 559 10
417 562 10
417 579 10
417 584 10
417 586 10
417 597 10
417 610 10
417 613 10
417 614 10
417 616 10
417 617 10
418 547 10
418 551 10
418 552 10
418 553 10
418 554 10
418 556 10
418 563 10
418 565 10
418 610 10
418 612 10
418 613 10
418 614 10
418 615 10
418 617 10
418 618 10
419 535 10
419 547 10
419 548 10
419 549 10
419 551 10
419 552 10
419 555 10
419 557 10
419 559 10
419 562 10
419 587 10
419 607 10
419 611 10
419 612 10
419 614 10
419 615 10
419 616 10
420 472 10
420 533 10
420 534 10
420 540 10
420 541 10
420 542 10
420 547 10
420 548 10
420 549 10
420 550 10
420 553 10
420 555 10
420 556 10
420 562 10
420 563 10
420 564 10
420 567 10
420 570 10
420 586 10
420 596 10
420 605 10
420 612 10
420 614 10
420 615 10
420 616 10
420 617 10
421 534 10
421 542 10
421 550 10
421 551 10
421 553 10
421 557 10
421 558 10
421 560 10
421 562 10
421 565 10
421 568 10
421 587 10
421 600 10
421 601 10
421 611 10
421 612 10
421 613 10
421 614 10
421 616 10
422 471 10
422 474 10
422 477 10
422 480 10
422 481 10
422 534 10
422 540 10
422 541 10
422 549 10
422 551 10
422 553 10
422 555 10
422 562 10
422 563 10
422 564 10
422 565 10
422 578 10
422 585 10
422 586 10
422 587 10
422 599 10
422 610 10
422 615 10
423 471 10
423 473 10
423 475 10
423 526 10
423 530 10
423 531 10
423 533 10
423 535 10
423 551 10
423 553 10
423 555 10
423 564 10
423 565 10
423 570 10
423 588 10
423 589 10
423 591 10
423 593 10
423 595 10
423 596 10
423 597 10
423 603 10
423 604 10
423 607 10
424 470 10
424 471 10
424 473 10
424 477 10
424 530 10
424 531 10
424 533 10
424 536 10
424 552 10
424 553 10
424 555 10
424 556 10
424 558 10
424 559 10
424 564 10
424 565 10
424 567 10
424 568 10
424 570 10
424 571 10
424 588 10
424 599 10
424 600 10
424 601 10
424 602 10
425 472 10
425 479 10
425 525 10
425 526 10
425 527 10
425 529 10
425 530 10
425 547 10
425 552 10
425 553 10
425 554 10
425 556 10
425 557 10
425 558 10
425 559 10
425 568 10
425 575 10
425 576 10
425 577 10
425 578 10
425 579 10
425 580 10
425 591 10
425 596 10
425 605 10
425 607 10
426 471 10
426 480 10
426 527 10
426 531 10
426 537 10
426 547 10
426 552 10
426 553 10
426 554 10
426 555 10
426 559 10
426 566 10
426 568 10
426 570 10
426 573 10
426 578 10
426 580 10
426 587 10
426 589 10
426 597 10
426 598 10
426 600 10
426 602 10
427 471 10
427 480 10
427 532 10
427 536 10
427 539 10
427 540 10
427 546 10
427 548 10
427 553 10
427 554 10
427 555 10
427 556 10
427 557 10
427 558 10
427 569 10
427 570 10
427 573 10
427 576 10
427 578 10
427 580 10
427 586 10
427 587 10
427 589 10
427 592 10
427 593 10
427 594 10
427 598 10
427 600 10
428 528 10
428 531 10
428 536 10
428 539 10
428 540 10
428 547 10
428 548 10
428 550 10
428 554 10
428 555 10
428 556 10
428 562 10
428 567 10
428 570 10
428 572 10
428 575 10
428 577 10
428 579 10
428 581 10
428 582 10
428 583 10
428 584 10
428 586 10
428 587 10
428 590 10
428 597 10
428 598 10
428 599 10
428 600 10
428 604 10
429 467 10
429 528 10
429 530 10
429 532 10
429 533 10
429 534 10
429 535 10
429 537 10
429 538 10
429 539 10
429 542 10
429 543 10
429 546 10
429 547 10
429 549 10
429 551 10
429 552 10
429 554 10
429 556 10
429 563 10
429 568 10
429 570 10
429 575 10
429 577 10
429 578 10
429 580 10
429 581 10
429 582 10
429 585 10
429 590 10
429 596 10
429 597 10
430 479 10
430 528 10
430 531 10
430 540 10
430 545 10
430 547 10
430 550 10
430 552 10
430 553 10
430 556 10
430 557 10
430 559 10
430 562 10
430 567 10
430 569 10
430 572 10
430 573 10
430 574 10
430 576 10
430 577 10
430 579 10
430 580 10
430 581 10
430 583 10
430 584 10
430 585 10
430 589 10
430 594 10
430 597 10
430 598 10
430 599 10
431 484 10
431 526 10
431 527 10
431 528 10
431 545 10
431 550 10
431 551 10
431 553 10
431 554 10
431 555 10
431 558 10
431 559 10
431 563 10
431 565 10
431 570 10
431 576 10
431 578 10
431 579 10
431 580 10
431 584 10
431 585 10
431 587 10
431 592 10
432 470 10
432 525 10
432 532 10
432 533 10
432 543 10
432 544 10
432 545 10
432 553 10
432 556 10
432 564 10
432 565 10
432 567 10
432 568 10
432 572 10
432 577 10
432 578 10
432 579 10
432 580 10
432 581 10
432 582 10
432 583 10
432 586 10
432 587 10
432 589 10
432 590 10
433 470 10
433 472 10
433 487 10
433 495 10
433 523 10
433 524 10
433 526 10
433 527 10
433 540 10
433 546 10
433 547 10
433 551 10
433 553 10
433 562 10
433 563 10
433 566 10
433 567 10
433 568 10
433 570 10
433 573 10
433 574 10
433 575 10
433 576 10
433 577 10
433 578 10
433 579 10
433 580 10
433 581 10
433 582 10
433 583 10
433 584 10
433 585 10
433 587 10
433 588 10
433 590 10
433 591 10
433 592 10
433 593 10
433 594 10
434 488 10
434 495 10
434 524 10
434 526 10
434 535 10
434 536 10
434 537 10
434 538 10
434 540 10
434 544 10
434 545 10
434 548 10
434 557 10
434 558 10
434 559 10
434 562 10
434 563 10
434 564 10
434 565 10
434 566 10
434 569 10
434 573 10
434 574 10
434 576 10
434 578 10
434 579 10
434 580 10
434 581 10
434 582 10
434 583 10
434 584 10
434 586 10
434 591 10
434 600 10
435 441 10
435 442 10
435 444 10
435 483 10
435 486 10
435 488 10
435 524 10
435 539 10
435 545 10
435 546 10
435 547 10
435 549 10
435 550 10
435 552 10
435 555 10
435 560 10
435 561 10
435 563 10
435 564 10
435 566 10
435 569 10
435 573 10
435 575 10
435 576 10
435 577 10
435 578 10
435 579 10
435 580 10
435 581 10
435 585 10
435 586 10
435 587 10
435 588 10
435 589 10
435 599 10
435 601 10
436 442 10
436 481 10
436 482 10
436 483 10
436 484 10
436 485 10
436 486 10
436 487 10
436 489 10
436 543 10
436 545 10
436 546 10
436 547 10
436 560 10
436 561 10
436 566 10
436 575 10
436 578 10
436 579 10
436 580 10
436 582 10
436 583 10
436 584 10
436 585 10
436 586 10
436 590 10
436 591 10
436 592 10
436 599 10
436 600 10
436 601 10
436 631 10
437 443 10
437 444 10
437 483 10
437 484 10
437 485 10
437 486 10
437 487 10
437 543 10
437 544 10
437 545 10
437 549 10
437 551 10
437 552 10
437 556 10
437 557 10
437 560 10
437 565 10
437 573 10
437 574 10
437 575 10
437 577 10
437 578 10
437 582 10
437 583 10
437 586 10
437 587 10
437 588 10
437 594 10
437 595 10
437 596 10
437 598 10
437 601 10
437 613 10
438 442 10
438 480 10
438 482 10
438 484 10
438 485 10
438 486 10
438 487 10
438 489 10
438 499 10
438 539 10
438 541 10
438 543 10
438 545 10
438 547 10
438 548 10
438 549 10
438 550 10
438 551 10
438 553 10
438 561 10
438 563 10
438 565 10
438 568 10
438 574 10
438 579 10
438 580 10
438 582 10
438 584 10
438 586 10
438 587 10
438 588 10
438 592 10
438 595 10
438 597 10
438 601 10
439 481 10
439 482 10
439 484 10
439 485 10
439 486 10
439 488 10
439 489 10
439 498 10
439 541 10
439 542 10
439 545 10
439 546 10
439 549 10
439 552 10
439 553 10
439 555 10
439 556 10
439 557 10
439 558 10
439 559 10
439 564 10
439 566 10
439 574 10
439 576 10
439 580 10
439 581 10
439 583 10
439 584 10
439 590 10
439 595 10
439 597 10
439 612 10
439 627 10
439 633 10
440 478 10
440 482 10
440 483 10
440 484 10
440 485 10
440 487 10
440 495 10
440 498 10
440 542 10
440 545 10
440 546 10
440 548 10
440 549 10
440 552 10
440 555 10
440 558 10
440 561 10
440 573 10
440 576 10
440 580 10
440 583 10
440 585 10
440 587 10
440 589 10
440 590 10
440 594 10
440 595 10
440 596 10
440 599 10
440 601 10
440 611 10
440 626 10
440 627 10
440 628 10
440 632 10
441 481 10
441 482 10
441 484 10
441 485 10
441 488 10
441 539 10
441 541 10
441 543 10
441 546 10
441 551 10
441 552 10
441 553 10
441 557 10
441 558 10
441 563 10
441 574 10
441 577 10
441 581 10
441 582 10
441 583 10
441 585 10
441 587 10
441 589 10
441 591 10
441 592 10
441 594 10
441 595 10
441 596 10
441 597 10
441 598 10
441 609 10
441 615 10
441 625 10
441 626 10
441 628 10
441 629 10
442 448 10
442 483 10
442 485 10
442 487 10
442 488 10
442 496 10
442 497 10
442 539 10
442 541 10
442 546 10
442 554 10
442 555 10
442 556 10
442 557 10
442 558 10
442 560 10
442 561 10
442 565 10
442 566 10
442 567 10
442 574 10
442 576 10
442 577 10
442 579 10
442 580 10
442 581 10
442 583 10
442 584 10
442 585 10
442 587 10
442 588 10
442 590 10
442 591 10
442 595 10
442 596 10
442 597 10
442 599 10
442 600 10
442 627 10
443 445 10
443 452 10
443 483 10
443 486 10
443 488 10
443 489 10
443 491 10
443 537 10
443 538 10
443 539 10
443 541 10
443 545 10
443 546 10
443 547 10
443 548 10
443 551 10
443 554 10
443 556 10
443 559 10
443 560 10
443 564 10
443 565 10
443 566 10
443 567 10
443 568 10
443 572 10
443 573 10
443 576 10
443 577 10
443 578 10
443 579 10
443 581 10
443 583 10
443 584 10
443 587 10
443 588 10
443 596 10
443 597 10
443 625 10
444 489 10
444 493 10
444 495 10
444 539 10
444 540 10
444 541 10
444 543 10
444 544 10
444 545 10
444 548 10
444 549 10
444 552 10
444 557 10
444 558 10
444 559 10
444 562 10
444 563 10
444 565 10
444 573 10
444 576 10
444 578 10
444 579 10
444 581 10
444 582 10
444 585 10
444 586 10
444 588 10
444 589 10
444 594 10
444 596 10
444 598 10
444 599 10
444 612 10
444 623 10
444 625 10
444 627 10
444 629 10
445 450 10
445 489 10
445 491 10
445 492 10
445 496 10
445 537 10
445 539 10
445 541 10
445 543 10
445 545 10
445 547 10
445 549 10
445 550 10
445 551 10
445 556 10
445 558 10
445 561 10
445 562 10
445 564 10
445 565 10
445 566 10
445 567 10
445 569 10
445 571 10
445 572 10
445 576 10
445 578 10
445 579 10
445 581 10
445 582 10
445 587 10
445 589 10
445 591 10
445 594 10
445 597 10
445 600 10
445 620 10
446 440 10
446 444 10
446 445 10
446 449 10
446 450 10
446 452 10
446 488 10
446 491 10
446 492 10
446 494 10
446 535 10
446 537 10
446 538 10
446 540 10
446 541 10
446 545 10
446 546 10
446 548 10
446 549 10
446 556 10
446 558 10
446 559 10
446 561 10
446 562 10
446 566 10
446 568 10
446 575 10
446 576 10
446 582 10
446 584 10
446 585 10
446 586 10
446 591 10
446 596 10
446 598 10
446 600 10
446 615 10
446 617 10
446 627 10
447 442 10
447 443 10
447 445 10
447 449 10
447 451 10
447 453 10
447 468 10
447 489 10
447 491 10
447 492 10
447 523 10
447 535 10
447 538 10
447 539 10
447 540 10
447 543 10
447 548 10
447 549 10
447 550 10
447 551 10
447 552 10
447 553 10
447 554 10
447 559 10
447 561 10
447 563 10
447 565 10
447 567 10
447 569 10
447 570 10
447 571 10
447 575 10
447 576 10
447 580 10
447 581 10
447 584 10
447 587 10
447 589 10
447 592 10
447 596 10
447 597 10
447 602 10
447 604 10
447 614 10
447 617 10
447 624 10
448 438 10
448 439 10
448 440 10
448 442 10
448 448 10
448 449 10
448 450 10
448 452 10
448 469 10
448 471 10
448 489 10
448 491 10
448 540 10
448 544 10
448 546 10
448 548 10
448 549 10
448 550 10
448 551 10
448 553 10
448 556 10
448 560 10
448 561 10
448 565 10
448 566 10
448 568 10
448 569 10
448 570 10
448 576 10
448 578 10
448 585 10
448 592 10
448 593 10
448 597 10
448 598 10
448 603 10
448 605 10
448 614 10
448 617 10
448 618 10
448 626 10
448 628 10
448 629 10
449 439 10
449 440 10
449 441 10
449 446 10
449 448 10
449 454 10
449 467 10
449 468 10
449 473 10
449 487 10
449 489 10
449 491 10
449 541 10
449 542 10
449 544 10
449 546 10
449 550 10
449 555 10
449 556 10
449 559 10
449 560 10
449 564 10
449 565 10
449 566 10
449 567 10
449 568 10
449 576 10
449 577 10
449 578 10
449 579 10
449 581 10
449 582 10
449 584 10
449 585 10
449 586 10
449 591 10
449 594 10
449 601 10
449 604 10
449 613 10
449 614 10
449 615 10
449 616 10
449 617 10
449 618 10
449 619 10
450 439 10
450 447 10
450 448 10
450 450 10
450 467 10
450 468 10
450 469 10
450 470 10
450 471 10
450 472 10
450 543 10
450 547 10
450 549 10
450 550 10
450 551 10
450 557 10
450 560 10
450 566 10
450 567 10
450 570 10
450 576 10
450 577 10
450 578 10
450 579 10
450 582 10
450 583 10
450 584 10
450 586 10
450 588 10
450 590 10
450 599 10
450 601 10
450 602 10
450 603 10
450 605 10
450 607 10
450 615 10
450 618 10
450 620 10
450 622 10
451 439 10
451 441 10
451 449 10
451 450 10
451 453 10
451 469 10
451 470 10
451 471 10
451 480 10
451 487 10
451 494 10
451 503 10
451 520 10
451 521 10
451 548 10
451 550 10
451 552 10
451 555 10
451 557 10
451 558 10
451 559 10
451 560 10
451 563 10
451 564 10
451 565 10
451 567 10
451 569 10
451 570 10
451 573 10
451 576 10
451 578 10
451 579 10
451 580 10
451 581 10
451 586 10
451 591 10
451 598 10
451 599 10
451 600 10
451 601 10
451 603 10
451 605 10
451 606 10
451 609 10
451 610 10
451 617 10
451 618 10
451 630 10
452 444 10
452 447 10
452 449 10
452 451 10
452 470 10
452 471 10
452 478 10
452 479 10
452 493 10
452 513 10
452 515 10
452 520 10
452 521 10
452 523 10
452 540 10
452 542 10
452 545 10
452 551 10
452 554 10
452 555 10
452 556 10
452 557 10
452 563 10
452 564 10
452 566 10
452 567 10
452 568 10
452 569 10
452 570 10
452 572 10
452 574 10
452 577 10
452 578 10
452 579 10
452 581 10
452 583 10
452 587 10
452 603 10
452 604 10
452 606 10
452 608 10
452 610 10
452 619 10
452 621 10
452 631 10
453 448 10
453 449 10
453 473 10
453 476 10
453 479 10
453 480 10
453 504 10
453 512 10
453 513 10
453 516 10
453 521 10
453 522 10
453 542 10
453 544 10
453 545 10
453 549 10
453 551 10
453 552 10
453 553 10
453 555 10
453 558 10
453 559 10
453 565 10
453 566 10
453 568 10
453 571 10
453 575 10
453 579 10
453 581 10
453 583 10
453 584 10
453 590 10
453 593 10
453 594 10
453 597 10
453 598 10
453 601 10
453 609 10
453 610 10
453 611 10
453 617 10
453 626 10
453 631 10
453 634 10
454 401 10
454 420 10
454 443 10
454 444 10
454 446 10
454 466 10
454 469 10
454 474 10
454 476 10
454 482 10
454 484 10
454 504 10
454 512 10
454 514 10
454 520 10
454 540 10
454 541 10
454 542 10
454 554 10
454 555 10
454 557 10
454 566 10
454 568 10
454 571 10
454 572 10
454 573 10
454 577 10
454 578 10
454 581 10
454 583 10
454 591 10
454 593 10
454 594 10
454 596 10
454 597 10
454 598 10
454 599 10
454 601 10
454 603 10
454 604 10
454 606 10
454 608 10
454 609 10
454 610 10
454 614 10
454 615 10
454 619 10
454 620 10
454 634 10
455 430 10
455 447 10
455 453 10
455 474 10
455 476 10
455 477 10
455 478 10
455 480 10
455 488 10
455 491 10
455 514 10
455 515 10
455 516 10
455 518 10
455 540 10
455 545 10
455 546 10
455 548 10
455 550 10
455 551 10
455 557 10
455 564 10
455 568 10
455 569 10
455 570 10
455 578 10
455 581 10
455 582 10
455 583 10
455 584 10
455 587 10
455 591 10
455 593 10
455 595 10
455 597 10
455 599 10
455 601 10
455 604 10
455 606 10
455 609 10
455 610 10
455 614 10
455 615 10
455 617 10
455 618 10
455 622 10
455 623 10
455 625 10
455 627 10
455 628 10
455 631 10
456 419 10
456 421 10
456 424 10
456 430 10
456 439 10
456 455 10
456 468 10
456 469 10
456 478 10
456 479 10
456 480 10
456 481 10
456 488 10
456 501 10
456 503 10
456 508 10
456 513 10
456 518 10
456 521 10
456 523 10
456 524 10
456 540 10
456 542 10
456 543 10
456 545 10
456 546 10
456 549 10
456 551 10
456 553 10
456 561 10
456 571 10
456 574 10
456 583 10
456 584 10
456 588 10
456 589 10
456 590 10
456 591 10
456 594 10
456 595 10
456 596 10
456 598 10
456 600 10
456 601 10
456 602 10
456 603 10
456 604 10
456 605 10
456 607 10
456 608 10
456 614 10
456 616 10
456 618 10
456 621 10
456 622 10
456 632 10
456 633 10
456 635 10
456 639 10
457 429 10
457 432 10
457 440 10
457 442 10
457 446 10
457 448 10
457 449 10
457 455 10
457 466 10
457 468 10
457 470 10
457 475 10
457 477 10
457 479 10
457 480 10
457 481 10
457 489 10
457 490 10
457 508 10
457 510 10
457 520 10
457 545 10
457 548 10
457 549 10
457 550 10
457 551 10
457 552 10
457 555 10
457 557 10
457 558 10
457 560 10
457 562 10
457 567 10
457 577 10
457 578 10
457 579 10
457 580 10
457 582 10
457 583 10
457 586 10
457 589 10
457 590 10
457 592 10
457 596 10
457 597 10
457 598 10
457 599 10
457 601 10
457 602 10
457 603 10
457 604 10
457 605 10
457 606 10
457 609 10
457 610 10
457 611 10
457 616 10
457 617 10
457 619 10
457 623 10
457 640 10
458 416 10
458 421 10
458 423 10
458 424 10
458 426 10
458 427 10
458 439 10
458 441 10
458 446 10
458 453 10
458 456 10
458 477 10
458 482 10
458 487 10
458 489 10
458 512 10
458 513 10
458 515 10
458 520 10
458 522 10
458 546 10
458 548 10
458 550 10
458 556 10
458 559 10
458 560 10
458 561 10
458 563 10
458 565 10
458 566 10
458 569 10
458 570 10
458 571 10
458 572 10
458 576 10
458 577 10
458 578 10
458 579 10
458 581 10
458 582 10
458 583 10
458 584 10
458 586 10
458 588 10
458 589 10
458 592 10
458 593 10
458 594 10
458 595 10
458 596 10
458 597 10
458 599 10
458 600 10
458 601 10
458 602 10
458 603 10
458 606 10
458 607 10
458 609 10
458 610 10
458 613 10
458 615 10
458 616 10
458 618 10
458 619 10
458 620 10
458 622 10
458 623 10
458 632 10
458 634 10
458 636 10
458 637 10
458 640 10
459 403 10
459 404 10
459 426 10
459 432 10
459 433 10
459 437 10
459 439 10
459 441 10
459 448 10
459 449 10
459 453 10
459 455 10
459 456 10
459 457 10
459 458 10
459 459 10
459 463 10
459 468 10
459 477 10
459 478 10
459 480 10
459 481 10
459 482 10
459 487 10
459 489 10
459 517 10
459 518 10
459 522 10
459 539 10
459 540 10
459 541 10
459 545 10
459 546 10
459 551 10
459 559 10
459 561 10
459 562 10
459 563 10
459 565 10
459 576 10
459 580 10
459 583 10
459 589 10
459 592 10
459 595 10
459 596 10
459 597 10
459 598 10
459 599 10
459 600 10
459 602 10
459 604 10
459 605 10
459 606 10
459 607 10
459 611 10
459 612 10
459 614 10
459 617 10
459 618 10
459 619 10
459 621 10
459 622 10
459 633 10
459 635 10
459 637 10
459 639 10
459 643 10
460 397 10
460 399 10
460 401 10
460 403 10
460 415 10
460 419 10
460 420 10
460 439 10
460 443 10
460 452 10
460 453 10
460 456 10
460 457 10
460 459 10
460 476 10
460 480 10
460 481 10
460 485 10
460 486 10
460 487 10
460 488 10
460 489 10
460 507 10
460 512 10
460 513 10
460 519 10
460 521 10
460 523 10
460 525 10
460 536 10
460 542 10
460 548 10
460 557 10
460 558 10
460 562 10
460 563 10
460 565 10
460 566 10
460 570 10
460 575 10
460 577 10
460 580 10
460 583 10
460 584 10
460 585 10
460 589 10
460 590 10
460 591 10
460 593 10
460 594 10
460 595 10
460 596 10
460 599 10
460 600 10
460 601 10
460 602 10
460 603 10
460 605 10
460 606 10
460 608 10
460 609 10
460 611 10
460 614 10
460 615 10
460 616 10
460 618 10
460 619 10
460 621 10
460 622 10
460 636 10
460 638 10
460 639 10
461 402 10
461 415 10
461 418 10
461 420 10
461 432 10
461 433 10
461 438 10
461 439 10
461 441 10
461 443 10
461 444 10
461 446 10
461 447 10
461 449 10
461 450 10
461 451 10
461 453 10
461 457 10
461 462 10
461 480 10
461 482 10
461 484 10
461 485 10
461 486 10
461 487 10
461 489 10
461 518 10
461 522 10
461 523 10
461 528 10
461 529 10
461 540 10
461 542 10
461 543 10
461 548 10
461 552 10
461 554 10
461 561 10
461 562 10
461 563 10
461 564 10
461 566 10
461 569 10
461 572 10
461 573 10
461 577 10
461 579 10
461 580 10
461 581 10
461 582 10
461 583 10
461 584 10
461 586 10
461 588 10
461 589 10
461 590 10
461 593 10
461 594 10
461 595 10
461 596 10
461 597 10
461 598 10
461 599 10
461 600 10
461 601 10
461 602 10
461 603 10
461 604 10
461 609 10
461 610 10
461 613 10
461 616 10
461 619 10
461 620 10
461 625 10
461 640 10
462 399 10
462 402 10
462 403 10
462 406 10
462 413 10
462 414 10
462 415 10
462 416 10
462 420 10
462 428 10
462 433 10
462 438 10
462 441 10
462 443 10
462 444 10
462 447 10
462 450 10
462 452 10
462 454 10
462 456 10
462 458 10
462 459 10
462 460 10
462 461 10
462 467 10
462 478 10
462 479 10
462 481 10
462 487 10
462 488 10
462 490 10
462 492 10
462 494 10
462 497 10
462 504 10
462 514 10
462 522 10
462 524 10
462 525 10
462 526 10
462 528 10
462 529 10
462 532 10
462 535 10
462 537 10
462 543 10
462 547 10
462 548 10
462 553 10
462 554 10
462 556 10
462 557 10
462 558 10
462 561 10
462 563 10
462 566 10
462 567 10
462 569 10
462 578 10
462 581 10
462 587 10
462 588 10
462 593 10
462 594 10
462 597 10
462 598 10
462 599 10
462 600 10
462 601 10
462 602 10
462 603 10
462 604 10
462 606 10
462 607 10
462 608 10
462 612 10
462 617 10
462 618 10
462 620 10
462 625 10
462 626 10
462 627 10
462 635 10
462 636 10
462 638 10
462 639 10
463 406 10
463 417 10
463 418 10
463 421 10
463 425 10
463 438 10
463 439 10
463 440 10
463 443 10
463 445 10
463 453 10
463 456 10
463 460 10
463 461 10
463 466 10
463 470 10
463 476 10
463 479 10
463 483 10
463 484 10
463 485 10
463 489 10
463 493 10
463 519 10
463 522 10
463 530 10
463 535 10
463 538 10
463 540 10
463 543 10
463 547 10
463 553 10
463 554 10
463 555 10
463 562 10
463 563 10
463 564 10
463 565 10
463 566 10
463 569 10
463 579 10
463 580 10
463 581 10
463 582 10
463 583 10
463 584 10
463 585 10
463 586 10
463 589 10
463 592 10
463 595 10
463 596 10
463 598 10
463 599 10
463 600 10
463 601 10
463 604 10
463 607 10
463 610 10
463 611 10
463 612 10
463 615 10
463 620 10
463 628 10
463 629 10
463 630 10
463 638 10
463 639 10
463 640 10
463 641 10
464 399 10
464 400 10
464 405 10
464 414 10
464 416 10
464 419 10
464 427 10
464 430 10
464 432 10
464 435 10
464 437 10
464 438 10
464 439 10
464 442 10
464 443 10
464 445 10
464 449 10
464 459 10
464 460 10
464 461 10
464 462 10
464 463 10
464 465 10
464 467 10
464 476 10
464 483 10
464 484 10
464 486 10
464 488 10
464 489 10
464 490 10
464 491 10
464 492 10
464 493 10
464 494 10
464 495 10
464 512 10
464 515 10
464 520 10
464 521 10
464 523 10
464 525 10
464 526 10
464 528 10
464 529 10
464 530 10
464 531 10
464 532 10
464 539 10
464 540 10
464 552 10
464 553 10
464 554 10
464 556 10
464 563 10
464 566 10
464 567 10
464 575 10
464 579 10
464 582 10
464 583 10
464 584 10
464 587 10
464 589 10
464 591 10
464 592 10
464 593 10
464 595 10
464 597 10
464 598 10
464 599 10
464 601 10
464 603 10
464 604 10
464 605 10
464 606 10
464 609 10
464 610 10
464 612 10
464 614 10
464 616 10
464 617 10
464 628 10
464 636 10
464 637 10
464 639 10
465 405 10
465 419 10
465 428 10
465 429 10
465 440 10
465 453 10
465 455 10
465 457 10
465 458 10
465 460 10
465 463 10
465 465 10
465 468 10
465 469 10
465 473 10
465 474 10
465 476 10
465 478 10
465 480 10
465 483 10
465 484 10
465 486 10
465 487 10
465 488 10
465 489 10
465 490 10
465 491 10
465 503 10
465 514 10
465 520 10
465 525 10
465 527 10
465 534 10
465 539 10
465 540 10
465 546 10
465 553 10
465 555 10
465 557 10
465 558 10
465 564 10
465 566 10
465 568 10
465 569 10
465 570 10
465 571 10
465 572 10
465 580 10
465 581 10
465 582 10
465 583 10
465 586 10
465 587 10
465 590 10
465 591 10
465 595 10
465 597 10
465 604 10
465 605 10
465 607 10
465 608 10
465 609 10
465 610 10
465 612 10
465 614 10
465 615 10
465 617 10
465 638 10
465 639 10
466 402 10
466 404 10
466 415 10
466 416 10
466 423 10
466 426 10
466 430 10
466 432 10
466 433 10
466 435 10
466 439 10
466 442 10
466 451 10
466 457 10
466 458 10
466 459 10
466 461 10
466 462 10
466 463 10
466 465 10
466 466 10
466 467 10
466 468 10
466 469 10
466 474 10
466 477 10
466 479 10
466 481 10
466 482 10
466 484 10
466 485 10
466 486 10
466 487 10
466 489 10
466 490 10
466 492 10
466 493 10
466 494 10
466 496 10
466 509 10
466 510 10
466 518 10
466 519 10
466 520 10
466 524 10
466 526 10
466 528 10
466 529 10
466 530 10
466 536 10
466 541 10
466 548 10
466 553 10
466 554 10
466 568 10
466 569 10
466 574 10
466 580 10
466 583 10
466 584 10
466 585 10
466 586 10
466 588 10
466 593 10
466 600 10
466 602 10
466 605 10
466 606 10
466 607 10
466 608 10
466 609 10
466 611 10
466 612 10
466 613 10
466 614 10
466 616 10
466 617 10
466 619 10
467 400 10
467 402 10
467 407 10
467 411 10
467 416 10
467 418 10
467 419 10
467 429 10
467 430 10
467 431 10
467 433 10
467 434 10
467 437 10
467 447 10
467 452 10
467 457 10
467 459 10
467 461 10
467 462 10
467 464 10
467 465 10
467 473 10
467 477 10
467 479 10
467 480 10
467 481 10
467 482 10
467 483 10
467 485 10
467 486 10
467 488 10
467 489 10
467 492 10
467 493 10
467 494 10
467 495 10
467 509 10
467 521 10
467 523 10
467 524 10
467 527 10
467 529 10
467 533 10
467 534 10
467 535 10
467 537 10
467 540 10
467 541 10
467 542 10
467 543 10
467 544 10
467 545 10
467 546 10
467 547 10
467 548 10
467 551 10
467 554 10
467 555 10
467 557 10
467 560 10
467 565 10
467 566 10
467 567 10
467 568 10
467 577 10
467 578 10
467 581 10
467 582 10
467 583 10
467 584 10
467 587 10
467 590 10
467 594 10
467 597 10
467 601 10
467 602 10
467 604 10
467 606 10
467 607 10
467 608 10
467 609 10
468 402 10
468 403 10
468 405 10
468 406 10
468 415 10
468 416 10
468 424 10
468 426 10
468 427 10
468 433 10
468 434 10
468 435 10
468 436 10
468 438 10
468 440 10
468 441 10
468 443 10
468 444 10
468 446 10
468 447 10
468 448 10
468 456 10
468 457 10
468 460 10
468 465 10
468 467 10
468 477 10
468 479 10
468 480 10
468 481 10
468 484 10
468 485 10
468 486 10
468 487 10
468 488 10
468 489 10
468 496 10
468 504 10
468 506 10
468 518 10
468 520 10
468 521 10
468 522 10
468 523 10
468 530 10
468 539 10
468 540 10
468 541 10
468 546 10
468 554 10
468 558 10
468 559 10
468 560 10
468 562 10
468 564 10
468 565 10
468 575 10
468 577 10
468 578 10
468 585 10
468 586 10
468 587 10
468 588 10
468 589 10
468 593 10
468 600 10
468 603 10
468 607 10
468 610 10
468 611 10
468 612 10
468 614 10
469 410 10
469 418 10
469 419 10
469 420 10
469 427 10
469 430 10
469 432 10
469 433 10
469 434 10
469 438 10
469 447 10
469 457 10
469 458 10
469 459 10
469 462 10
469 466 10
469 481 10
469 483 10
469 486 10
469 487 10
469 489 10
469 491 10
469 499 10
469 502 10
469 506 10
469 513 10
469 515 10
469 516 10
469 517 10
469 518 10
469 519 10
469 524 10
469 526 10
469 528 10
469 532 10
469 534 10
469 543 10
469 544 10
469 545 10
469 546 10
469 555 10
469 557 10
469 558 10
469 560 10
469 564 10
469 566 10
469 572 10
469 575 10
469 577 10
469 580 10
469 581 10
469 582 10
469 584 10
469 585 10
469 586 10
469 587 10
469 588 10
469 593 10
469 598 10
469 599 10
469 601 10
469 603 10
469 604 10
469 605 10
469 606 10
469 609 10
469 611 10
469 615 10
469 617 10
470 409 10
470 410 10
470 415 10
470 416 10
470 417 10
470 421 10
470 428 10
470 429 10
470 430 10
470 434 10
470 435 10
470 438 10
470 443 10
470 448 10
470 450 10
470 454 10
470 457 10
470 458 10
470 464 10
470 465 10
470 466 10
470 478 10
470 481 10
470 482 10
470 483 10
470 484 10
470 485 10
470 486 10
470 487 10
470 488 10
470 489 10
470 490 10
470 493 10
470 499 10
470 502 10
470 503 10
470 504 10
470 506 10
470 510 10
470 513 10
470 514 10
470 518 10
470 521 10
470 526 10
470 527 10
470 528 10
470 532 10
470 534 10
470 540 10
470 541 10
470 543 10
470 544 10
470 545 10
470 546 10
470 547 10
470 548 10
470 549 10
470 553 10
470 554 10
470 559 10
470 562 10
470 564 10
470 572 10
470 574 10
470 579 10
470 580 10
470 587 10
470 589 10
470 598 10
470 601 10
470 603 10
470 604 10
470 605 10
470 607 10
470 610 10
471 408 10
471 412 10
471 413 10
471 414 10
471 415 10
471 416 10
471 417 10
471 418 10
471 419 10
471 420 10
471 421 10
471 428 10
471 429 10
471 430 10
471 431 10
471 433 10
471 434 10
471 436 10
471 438 10
471 440 10
471 445 10
471 448 10
471 449 10
471 450 10
471 452 10
471 459 10
471 460 10
471 466 10
471 479 10
471 480 10
471 484 10
471 485 10
471 487 10
471 489 10
471 490 10
471 496 10
471 501 10
471 504 10
471 508 10
471 509 10
471 515 10
471 517 10
471 518 10
471 520 10
471 522 10
471 525 10
471 527 10
471 529 10
471 532 10
471 533 10
471 534 10
471 536 10
471 542 10
471 545 10
471 546 10
471 547 10
471 550 10
471 551 10
471 560 10
471 561 10
471 562 10
471 564 10
471 575 10
471 579 10
471 581 10
471 582 10
471 586 10
471 588 10
471 592 10
471 603 10
471 604 10
471 605 10
471 607 10
471 608 10
471 617 10
471 618 10
471 619 10
472 415 10
472 416 10
472 418 10
472 421 10
472 422 10
472 425 10
472 426 10
472 428 10
472 431 10
472 436 10
472 440 10
472 443 10
472 444 10
472 446 10
472 453 10
472 478 10
472 479 10
472 481 10
472 482 10
472 484 10
472 485 10
472 487 10
472 488 10
472 489 10
472 495 10
472 498 10
472 499 10
472 502 10
472 503 10
472 504 10
472 505 10
472 509 10
472 511 10
472 512 10
472 513 10
472 514 10
472 515 10
472 519 10
472 520 10
472 521 10
472 522 10
472 523 10
472 524 10
472 532 10
472 535 10
472 536 10
472 538 10
472 541 10
472 542 10
472 543 10
472 544 10
472 545 10
472 546 10
472 547 10
472 548 10
472 549 10
472 550 10
472 555 10
472 556 10
472 560 10
472 565 10
472 567 10
472 587 10
472 602 10
472 606 10
472 613 10
473 416 10
473 423 10
473 429 10
473 431 10
473 432 10
473 433 10
473 436 10
473 437 10
473 439 10
473 444 10
473 445 10
473 446 10
473 447 10
473 448 10
473 456 10
473 480 10
473 483 10
473 485 10
473 487 10
473 491 10
473 496 10
473 497 10
473 498 10
473 499 10
473 502 10
473 508 10
473 509 10
473 511 10
473 512 10
473 515 10
473 519 10
473 522 10
473 524 10
473 527 10
473 529 10
473 531 10
473 532 10
473 537 10
473 539 10
473 541 10
473 542 10
473 544 10
473 545 10
473 546 10
473 547 10
473 567 10
473 585 10
473 586 10
473 591 10
473 609 10
474 423 10
474 429 10
474 430 10
474 431 10
474 433 10
474 436 10
474 438 10
474 441 10
474 442 10
474 446 10
474 447 10
474 448 10
474 449 10
474 450 10
474 481 10
474 486 10
474 487 10
474 488 10
474 489 10
474 493 10
474 494 10
474 495 10
474 497 10
474 498 10
474 499 10
474 501 10
474 503 10
474 505 10
474 508 10
474 514 10
474 517 10
474 519 10
474 521 10
474 523 10
474 524 10
474 526 10
474 529 10
474 531 10
474 532 10
474 533 10
474 535 10
474 538 10
474 539 10
474 542 10
474 551 10
474 552 10
474 553 10
474 554 10
474 555 10
474 556 10
474 561 10
474 564 10
474 567 10
474 571 10
474 586 10
474 587 10
474 592 10
474 602 10
474 611 10
474 614 10
474 618 10
475 424 10
475 426 10
475 427 10
475 428 10
475 429 10
475 435 10
475 436 10
475 438 10
475 439 10
475 445 10
475 446 10
475 447 10
475 448 10
475 449 10
475 451 10
475 452 10
475 453 10
475 454 10
475 455 10
475 457 10
475 490 10
475 492 10
475 495 10
475 497 10
475 498 10
475 500 10
475 501 10
475 502 10
475 503 10
475 506 10
475 507 10
475 519 10
475 522 10
475 523 10
475 524 10
475 525 10
475 527 10
475 528 10
475 529 10
475 530 10
475 532 10
475 533 10
475 536 10
475 537 10
475 539 10
475 544 10
475 545 10
475 546 10
475 547 10
475 554 10
475 572 10
475 584 10
475 602 10
475 604 10
475 605 10
475 606 10
475 615 10
476 428 10
476 430 10
476 431 10
476 432 10
476 433 10
476 434 10
476 438 10
476 439 10
476 441 10
476 447 10
476 449 10
476 450 10
476 452 10
476 453 10
476 454 10
476 455 10
476 456 10
476 459 10
476 471 10
476 488 10
476 489 10
476 490 10
476 491 10
476 494 10
476 495 10
476 498 10
476 502 10
476 507 10
476 512 10
476 520 10
476 522 10
476 523 10
476 525 10
476 526 10
476 528 10
476 529 10
476 532 10
476 533 10
476 534 10
476 537 10
476 538 10
476 540 10
476 541 10
476 542 10
476 543 10
476 545 10
476 553 10
476 559 10
476 565 10
476 566 10
476 568 10
476 570 10
476 572 10
476 573 10
476 575 10
476 587 10
476 589 10
476 612 10
476 613 10
476 614 10
477 423 10
477 426 10
477 427 10
477 429 10
477 433 10
477 434 10
477 440 10
477 441 10
477 449 10
477 452 10
477 454 10
477 455 10
477 456 10
477 491 10
477 496 10
477 497 10
477 498 10
477 499 10
477 501 10
477 503 10
477 507 10
477 508 10
477 509 10
477 510 10
477 511 10
477 513 10
477 515 10
477 519 10
477 521 10
477 522 10
477 523 10
477 524 10
477 527 10
477 528 10
477 531 10
477 533 10
477 534 10
477 535 10
477 538 10
477 539 10
477 540 10
477 541 10
477 542 10
477 545 10
477 546 10
477 548 10
477 569 10
477 577 10
477 579 10
477 602 10
477 609 10
477 612 10
478 425 10
478 427 10
478 433 10
478 434 10
478 437 10
478 439 10
478 440 10
478 448 10
478 449 10
478 450 10
478 452 10
478 454 10
478 455 10
478 458 10
478 460 10
478 465 10
478 469 10
478 473 10
478 474 10
478 487 10
478 491 10
478 496 10
478 512 10
478 519 10
478 521 10
478 525 10
478 527 10
478 530 10
478 531 10
478 532 10
478 533 10
478 534 10
478 535 10
478 537 10
478 538 10
478 539 10
478 540 10
478 541 10
478 543 10
478 544 10
478 547 10
478 567 10
478 570 10
478 571 10
478 572 10
478 577 10
478 580 10
478 581 10
478 583 10
478 605 10
478 606 10
478 610 10
479 423 10
479 425 10
479 426 10
479 428 10
479 436 10
479 439 10
479 441 10
479 451 10
479 452 10
479 456 10
479 457 10
479 459 10
479 462 10
479 471 10
479 482 10
479 500 10
479 508 10
479 512 10
479 513 10
479 521 10
479 523 10
479 524 10
479 525 10
479 528 10
479 529 10
479 531 10
479 533 10
479 534 10
479 535 10
479 537 10
479 539 10
479 540 10
479 542 10
479 545 10
479 546 10
479 549 10
479 567 10
479 568 10
479 570 10
479 572 10
479 575 10
479 576 10
479 582 10
479 584 10
479 609 10
479 610 10
479 616 10
480 428 10
480 434 10
480 436 10
480 437 10
480 438 10
480 450 10
480 460 10
480 462 10
480 463 10
480 465 10
480 481 10
480 482 10
480 484 10
480 490 10
480 499 10
480 501 10
480 506 10
480 507 10
480 510 10
480 511 10
480 518 10
480 519 10
480 523 10
480 526 10
480 527 10
480 529 10
480 531 10
480 532 10
480 533 10
480 535 10
480 536 10
480 538 10
480 539 10
480 540 10
480 541 10
480 542 10
480 544 10
480 546 10
480 548 10
480 562 10
480 563 10
480 566 10
480 568 10
480 573 10
480 575 10
480 576 10
480 577 10
480 578 10
480 579 10
480 580 10
480 581 10
480 585 10
480 605 10
480 606 10
480 608 10
480 616 10
481 425 10
481 434 10
481 435 10
481 436 10
481 438 10
481 439 10
481 440 10
481 451 10
481 452 10
481 456 10
481 457 10
481 462 10
481 463 10
481 464 10
481 466 10
481 467 10
481 474 10
481 482 10
481 483 10
481 484 10
481 491 10
481 501 10
481 507 10
481 515 10
481 516 10
481 519 10
481 524 10
481 530 10
481 531 10
481 532 10
481 533 10
481 534 10
481 538 10
481 539 10
481 542 10
481 543 10
481 544 10
481 548 10
481 549 10
481 550 10
481 552 10
481 562 10
481 567 10
481 568 10
481 570 10
481 572 10
481 574 10
481 576 10
481 577 10
481 580 10
481 594 10
481 604 10
481 610 10
481 612 10
481 614 10
481 615 10
482 422 10
482 433 10
482 435 10
482 453 10
482 455 10
482 459 10
482 461 10
482 463 10
482 464 10
482 465 10
482 466 10
482 473 10
482 475 10
482 477 10
482 490 10
482 491 10
482 502 10
482 508 10
482 509 10
482 522 10
482 525 10
482 526 10
482 531 10
482 532 10
482 534 10
482 535 10
482 537 10
482 538 10
482 541 10
482 543 10
482 544 10
482 546 10
482 547 10
482 548 10
482 549 10
482 551 10
482 552 10
482 555 10
482 561 10
482 562 10
482 563 10
482 565 10
482 567 10
482 568 10
482 570 10
482 574 10
482 576 10
482 578 10
482 581 10
482 582 10
482 605 10
482 606 10
482 611 10
483 415 10
483 430 10
483 433 10
483 435 10
483 448 10
483 450 10
483 451 10
483 453 10
483 455 10
483 458 10
483 460 10
483 462 10
483 467 10
483 472 10
483 481 10
483 487 10
483 489 10
483 490 10
483 497 10
483 502 10
483 505 10
483 506 10
483 516 10
483 518 10
483 525 10
483 526 10
483 529 10
483 530 10
483 531 10
483 532 10
483 534 10
483 539 10
483 541 10
483 544 10
483 551 10
483 553 10
483 554 10
483 557 10
483 562 10
483 563 10
483 564 10
483 568 10
483 570 10
483 581 10
483 582 10
483 585 10
483 586 10
483 607 10
483 608 10
483 610 10
483 612 10
484 414 10
484 428 10
484 432 10
484 452 10
484 453 10
484 456 10
484 457 10
484 460 10
484 463 10
484 465 10
484 468 10
484 470 10
484 471 10
484 472 10
484 474 10
484 478 10
484 487 10
484 492 10
484 499 10
484 502 10
484 504 10
484 507 10
484 508 10
484 518 10
484 524 10
484 527 10
484 529 10
484 530 10
484 531 10
484 532 10
484 533 10
484 534 10
484 535 10
484 536 10
484 542 10
484 544 10
484 546 10
484 547 10
484 551 10
484 552 10
484 553 10
484 554 10
484 555 10
484 556 10
484 558 10
484 561 10
484 562 10
484 563 10
484 564 10
484 568 10
484 570 10
484 571 10
484 573 10
484 575 10
484 576 10
484 578 10
484 579 10
484 581 10
484 582 10
484 583 10
484 584 10
484 585 10
484 587 10
484 588 10
484 595 10
484 605 10
484 606 10
484 610 10
485 414 10
485 431 10
485 433 10
485 445 10
485 459 10
485 462 10
485 463 10
485 465 10
485 467 10
485 468 10
485 471 10
485 474 10
485 475 10
485 482 10
485 486 10
485 489 10
485 491 10
485 497 10
485 499 10
485 500 10
485 502 10
485 505 10
485 506 10
485 517 10
485 525 10
485 527 10
485 528 10
485 530 10
485 532 10
485 537 10
485 540 10
485 541 10
485 552 10
485 553 10
485 554 10
485 556 10
485 561 10
485 562 10
485 564 10
485 566 10
485 569 10
485 573 10
485 576 10
485 577 10
485 579 10
485 581 10
485 582 10
485 583 10
485 584 10
485 586 10
485 588 10
485 592 10
485 594 10
485 601 10
485 606 10
486 429 10
486 430 10
486 431 10
486 432 10
486 453 10
486 457 10
486 458 10
486 459 10
486 460 10
486 461 10
486 466 10
486 469 10
486 470 10
486 472 10
486 475 10
486 478 10
486 480 10
486 481 10
486 482 10
486 498 10
486 500 10
486 502 10
486 517 10
486 524 10
486 532 10
486 534 10
486 535 10
486 539 10
486 540 10
486 548 10
486 551 10
486 552 10
486 553 10
486 555 10
486 556 10
486 557 10
486 558 10
486 561 10
486 562 10
486 563 10
486 565 10
486 566 10
486 567 10
486 568 10
486 570 10
486 572 10
486 573 10
486 574 10
486 575 10
486 578 10
486 579 10
486 581 10
486 582 10
486 583 10
486 584 10
486 585 10
486 593 10
487 413 10
487 419 10
487 430 10
487 431 10
487 446 10
487 456 10
487 457 10
487 458 10
487 459 10
487 460 10
487 461 10
487 462 10
487 463 10
487 464 10
487 467 10
487 468 10
487 470 10
487 472 10
487 473 10
487 474 10
487 475 10
487 480 10
487 483 10
487 497 10
487 508 10
487 522 10
487 523 10
487 528 10
487 533 10
487 534 10
487 537 10
487 541 10
487 544 10
487 552 10
487 554 10
487 555 10
487 556 10
487 557 10
487 566 10
487 567 10
487 568 10
487 570 10
487 571 10
487 572 10
487 573 10
487 575 10
487 582 10
487 583 10
487 584 10
487 586 10
487 591 10
487 593 10
488 431 10
488 455 10
488 456 10
488 457 10
488 458 10
488 459 10
488 460 10
488 461 10
488 469 10
488 472 10
488 474 10
488 476 10
488 480 10
488 486 10
488 489 10
488 494 10
488 503 10
488 506 10
488 523 10
488 530 10
488 532 10
488 533 10
488 534 10
488 536 10
488 539 10
488 542 10
488 544 10
488 547 10
488 552 10
488 554 10
488 555 10
488 556 10
488 557 10
488 558 10
488 560 10
488 561 10
488 568 10
488 570 10
488 571 10
488 573 10
488 574 10
488 575 10
488 576 10
488 577 10
488 579 10
488 580 10
488 581 10
488 582 10
488 584 10
488 586 10
488 587 10
488 588 10
488 589 10
488 592 10
488 593 10
488 594 10
488 606 10
489 411 10
489 419 10
489 421 10
489 424 10
489 429 10
489 431 10
489 454 10
489 455 10
489 457 10
489 458 10
489 459 10
489 460 10
489 461 10
489 463 10
489 464 10
489 468 10
489 471 10
489 474 10
489 478 10
489 485 10
489 494 10
489 495 10
489 498 10
489 507 10
489 523 10
489 526 10
489 534 10
489 537 10
489 539 10
489 545 10
489 547 10
489 553 10
489 554 10
489 555 10
489 556 10
489 557 10
489 560 10
489 562 10
489 563 10
489 565 10
489 566 10
489 568 10
489 569 10
489 571 10
489 572 10
489 574 10
489 578 10
489 582 10
489 583 10
489 584 10
489 585 10
489 586 10
489 596 10
490 403 10
490 419 10
490 429 10
490 435 10
490 441 10
490 446 10
490 453 10
490 457 10
490 458 10
490 460 10
490 462 10
490 465 10
490 468 10
490 470 10
490 474 10
490 477 10
490 478 10
490 479 10
490 486 10
490 488 10
490 493 10
490 498 10
490 499 10
490 500 10
490 501 10
490 502 10
490 503 10
490 505 10
490 507 10
490 509 10
490 513 10
490 515 10
490 532 10
490 534 10
490 547 10
490 548 10
490 549 10
490 550 10
490 551 10
490 552 10
490 553 10
490 554 10
490 555 10
490 557 10
490 558 10
490 561 10
490 562 10
490 564 10
490 565 10
490 567 10
490 568 10
490 570 10
490 571 10
490 572 10
490 573 10
490 574 10
490 575 10
490 577 10
490 587 10
490 588 10
490 596 10
491 410 10
491 422 10
491 423 10
491 434 10
491 446 10
491 450 10
491 451 10
491 454 10
491 455 10
491 457 10
491 458 10
491 459 10
491 462 10
491 464 10
491 467 10
491 476 10
491 478 10
491 486 10
491 488 10
491 489 10
491 493 10
491 495 10
491 496 10
491 497 10
491 498 10
491 500 10
491 502 10
491 503 10
491 505 10
491 506 10
491 507 10
491 511 10
491 528 10
491 529 10
491 533 10
491 537 10
491 543 10
491 551 10
491 554 10
491 555 10
491 556 10
491 559 10
491 560 10
491 564 10
491 565 10
491 566 10
491 569 10
491 570 10
491 572 10
491 573 10
491 574 10
491 577 10
491 579 10
491 607 10
491 609 10
491 610 10
492 409 10
492 415 10
492 422 10
492 428 10
492 430 10
492 432 10
492 449 10
492 451 10
492 452 10
492 454 10
492 455 10
492 456 10
492 457 10
492 459 10
492 460 10
492 461 10
492 462 10
492 463 10
492 467 10
492 470 10
492 479 10
492 485 10
492 489 10
492 490 10
492 493 10
492 498 10
492 502 10
492 503 10
492 504 10
492 507 10
492 510 10
492 512 10
492 514 10
492 515 10
492 518 10
492 519 10
492 520 10
492 534 10
492 538 10
492 543 10
492 549 10
492 552 10
492 553 10
492 557 10
492 558 10
492 559 10
492 560 10
492 563 10
492 564 10
492 565 10
492 567 10
492 571 10
492 572 10
492 577 10
492 596 10
492 609 10
492 611 10
493 414 10
493 416 10
493 417 10
493 420 10
493 424 10
493 429 10
493 456 10
493 458 10
493 459 10
493 460 10
493 461 10
493 462 10
493 464 10
493 466 10
493 468 10
493 469 10
493 474 10
493 478 10
493 483 10
493 484 10
493 485 10
493 487 10
493 488 10
493 499 10
493 503 10
493 504 10
493 505 10
493 508 10
493 511 10
493 512 10
493 515 10
493 518 10
493 527 10
493 538 10
493 539 10
493 543 10
493 545 10
493 551 10
493 554 10
493 555 10
493 557 10
493 558 10
493 559 10
493 560 10
493 562 10
493 563 10
493 565 10
493 566 10
493 567 10
493 570 10
493 572 10
493 577 10
493 606 10
493 608 10
493 609 10
493 611 10
494 419 10
494 430 10
494 432 10
494 455 10
494 456 10
494 457 10
494 458 10
494 459 10
494 462 10
494 464 10
494 467 10
494 469 10
494 470 10
494 480 10
494 485 10
494 486 10
494 487 10
494 499 10
494 501 10
494 514 10
494 516 10
494 517 10
494 518 10
494 519 10
494 521 10
494 524 10
494 525 10
494 530 10
494 531 10
494 536 10
494 541 10
494 543 10
494 548 10
494 553 10
494 554 10
494 556 10
494 557 10
494 558 10
494 559 10
494 560 10
494 561 10
494 562 10
494 563 10
494 564 10
494 565 10
494 567 10
494 568 10
494 571 10
494 573 10
494 587 10
494 596 10
494 606 10
495 417 10
495 418 10
495 420 10
495 421 10
495 428 10
495 453 10
495 454 10
495 456 10
495 457 10
495 459 10
495 463 10
495 466 10
495 468 10
495 484 10
495 485 10
495 488 10
495 490 10
495 498 10
495 501 10
495 511 10
495 513 10
495 516 10
495 519 10
495 520 10
495 521 10
495 525 10
495 527 10
495 529 10
495 538 10
495 539 10
495 543 10
495 545 10
495 547 10
495 549 10
495 551 10
495 553 10
495 554 10
495 558 10
495 559 10
495 561 10
495 566 10
495 568 10
495 577 10
495 578 10
495 587 10
496 417 10
496 419 10
496 420 10
496 421 10
496 424 10
496 426 10
496 430 10
496 431 10
496 449 10
496 454 10
496 458 10
496 459 10
496 462 10
496 463 10
496 464 10
496 466 10
496 467 10
496 468 10
496 469 10
496 470 10
496 473 10
496 475 10
496 479 10
496 484 10
496 485 10
496 486 10
496 487 10
496 490 10
496 493 10
496 495 10
496 498 10
496 500 10
496 503 10
496 506 10
496 507 10
496 510 10
496 512 10
496 513 10
496 515 10
496 517 10
496 518 10
496 519 10
496 520 10
496 521 10
496 523 10
496 526 10
496 527 10
496 529 10
496 530 10
496 532 10
496 536 10
496 538 10
496 540 10
496 543 10
496 545 10
496 546 10
496 547 10
496 549 10
496 552 10
496 553 10
496 554 10
496 557 10
496 558 10
496 559 10
496 560 10
496 562 10
496 563 10
496 565 10
496 567 10
496 568 10
496 570 10
496 572 10
496 579 10
496 586 10
496 596 10
497 417 10
497 422 10
497 426 10
497 436 10
497 448 10
497 451 10
497 452 10
497 453 10
497 454 10
497 457 10
497 463 10
497 467 10
497 469 10
497 475 10
497 477 10
497 478 10
497 484 10
497 485 10
497 486 10
497 487 10
497 489 10
497 490 10
497 495 10
497 507 10
497 510 10
497 515 10
497 518 10
497 519 10
497 521 10
497 524 10
497 526 10
497 527 10
497 532 10
497 536 10
497 539 10
497 543 10
497 545 10
497 546 10
497 548 10
497 553 10
497 559 10
497 560 10
497 561 10
497 563 10
497 564 10
497 567 10
497 568 10
497 569 10
497 571 10
497 578 10
497 582 10
497 587 10
498 419 10
498 434 10
498 435 10
498 440 10
498 443 10
498 452 10
498 455 10
498 458 10
498 460 10
498 462 10
498 465 10
498 467 10
498 479 10
498 483 10
498 484 10
498 485 10
498 486 10
498 487 10
498 488 10
498 489 10
498 492 10
498 493 10
498 494 10
498 495 10
498 496 10
498 497 10
498 498 10
498 499 10
498 508 10
498 510 10
498 514 10
498 515 10
498 519 10
498 520 10
498 523 10
498 526 10
498 527 10
498 537 10
498 538 10
498 541 10
498 542 10
498 543 10
498 545 10
498 546 10
498 549 10
498 551 10
498 562 10
498 565 10
498 566 10
498 570 10
498 571 10
498 572 10
498 577 10
498 579 10
498 580 10
499 396 10
499 398 10
499 420 10
499 423 10
499 424 10
499 427 10
499 432 10
499 433 10
499 436 10
499 438 10
499 440 10
499 452 10
499 453 10
499 455 10
499 458 10
499 460 10
499 465 10
499 468 10
499 470 10
499 472 10
499 477 10
499 479 10
499 481 10
499 484 10
499 485 10
499 487 10
499 488 10
499 491 10
499 494 10
499 499 10
499 519 10
499 520 10
499 521 10
499 523 10
499 526 10
499 527 10
499 528 10
499 529 10
499 530 10
499 534 10
499 536 10
499 540 10
499 541 10
499 543 10
499 544 10
499 545 10
499 547 10
499 548 10
499 549 10
499 550 10
499 552 10
499 553 10
499 555 10
499 560 10
499 561 10
499 562 10
499 564 10
499 565 10
499 567 10
499 569 10
499 570 10
499 571 10
499 578 10
499 582 10
500 397 10
500 402 10
500 420 10
500 423 10
500 424 10
500 425 10
500 432 10
500 438 10
500 449 10
500 453 10
500 454 10
500 461 10
500 462 10
500 466 10
500 469 10
500 479 10
500 485 10
500 486 10
500 487 10
500 490 10
500 492 10
500 493 10
500 495 10
500 499 10
500 509 10
500 514 10
500 518 10
500 520 10
500 523 10
500 524 10
500 526 10
500 538 10
500 543 10
500 544 10
500 545 10
500 547 10
500 551 10
500 552 10
500 554 10
500 559 10
500 560 10
500 561 10
500 562 10
500 564 10
500 565 10
500 568 10
500 571 10
500 572 10
500 574 10
500 577 10
500 579 10
501 390 10
501 400 10
501 403 10
501 420 10
501 424 10
501 426 10
501 427 10
501 428 10
501 430 10
501 432 10
501 434 10
501 435 10
501 439 10
501 440 10
501 443 10
501 445 10
501 446 10
501 450 10
501 452 10
501 453 10
501 454 10
501 456 10
501 462 10
501 464 10
501 465 10
501 477 10
501 482 10
501 483 10
501 485 10
501 486 10
501 488 10
501 490 10
501 491 10
501 493 10
501 494 10
501 495 10
501 497 10
501 498 10
501 500 10
501 507 10
501 509 10
501 517 10
501 518 10
501 521 10
501 522 10
501 526 10
501 529 10
501 531 10
501 535 10
501 539 10
501 541 10
501 542 10
501 543 10
501 546 10
501 547 10
501 548 10
501 551 10
501 552 10
501 553 10
501 555 10
501 561 10
501 564 10
501 565 10
501 566 10
501 570 10
501 573 10
502 397 10
502 403 10
502 425 10
502 427 10
502 430 10
502 432 10
502 433 10
502 436 10
502 439 10
502 440 10
502 443 10
502 453 10
502 458 10
502 459 10
502 464 10
502 465 10
502 470 10
502 475 10
502 478 10
502 480 10
502 493 10
502 495 10
502 500 10
502 502 10
502 516 10
502 522 10
502 523 10
502 527 10
502 533 10
502 534 10
502 535 10
502 537 10
502 540 10
502 542 10
502 543 10
502 544 10
502 548 10
502 549 10
502 551 10
502 553 10
502 554 10
502 556 10
502 557 10
502 565 10
502 568 10
502 570 10
502 571 10
502 573 10
502 574 10
502 576 10
502 579 10
502 580 10
503 393 10
503 399 10
503 402 10
503 422 10
503 423 10
503 424 10
503 425 10
503 426 10
503 428 10
503 429 10
503 430 10
503 431 10
503 432 10
503 438 10
503 455 10
503 456 10
503 457 10
503 458 10
503 462 10
503 464 10
503 466 10
503 467 10
503 472 10
503 475 10
503 477 10
503 478 10
503 487 10
503 489 10
503 493 10
503 494 10
503 495 10
503 496 10
503 498 10
503 500 10
503 502 10
503 515 10
503 516 10
503 519 10
503 520 10
503 522 10
503 523 10
503 525 10
503 526 10
503 531 10
503 535 10
503 536 10
503 538 10
503 544 10
503 545 10
503 546 10
503 547 10
503 548 10
503 549 10
503 550 10
503 552 10
503 553 10
503 554 10
503 556 10
503 560 10
503 561 10
503 563 10
503 565 10
503 570 10
503 572 10
503 573 10
503 576 10
504 390 10
504 392 10
504 401 10
504 402 10
504 418 10
504 423 10
504 424 10
504 426 10
504 427 10
504 428 10
504 429 10
504 431 10
504 433 10
504 435 10
504 439 10
504 440 10
504 447 10
504 459 10
504 460 10
504 464 10
504 470 10
504 477 10
504 488 10
504 492 10
504 495 10
504 497 10
504 498 10
504 499 10
504 502 10
504 505 10
504 517 10
504 518 10
504 520 10
504 521 10
504 522 10
504 525 10
504 526 10
504 528 10
504 530 10
504 531 10
504 534 10
504 536 10
504 539 10
504 540 10
504 542 10
504 544 10
504 546 10
504 548 10
504 549 10
504 550 10
504 551 10
504 553 10
504 554 10
504 556 10
504 558 10
504 561 10
504 565 10
504 566 10
504 567 10
504 571 10
504 573 10
504 581 10
505 391 10
505 399 10
505 417 10
505 419 10
505 420 10
505 424 10
505 455 10
505 457 10
505 459 10
505 471 10
505 488 10
505 491 10
505 495 10
505 501 10
505 503 10
505 504 10
505 506 10
505 510 10
505 512 10
505 516 10
505 519 100000
505 522 10
505 523 10
505 524 10
505 526 10
505 528 10
505 531 10
505 533 10
505 536 10
505 537 10
505 538 10
505 539 10
505 540 10
505 543 10
505 544 10
505 545 10
505 546 10
505 547 10
505 548 10
505 549 10
505 550 10
505 552 10
505 554 10
505 555 10
505 561 10
505 565 10
505 566 10
505 570 10
505 571 10
505 572 10
506 390 10
506 391 10
506 402 10
506 405 10
506 415 10
506 416 10
506 417 10
506 418 10
506 419 10
506 421 10
506 424 10
506 425 10
506 426 10
506 428 10
506 431 10
506 432 10
506 433 10
506 434 10
506 443 10
506 454 10
506 455 10
506 456 10
506 457 10
506 458 10
506 469 10
506 471 10
506 472 10
506 478 10
506 488 10
506 490 10
506 500 10
506 510 10
506 516 10
506 518 10
506 519 10
506 520 10
506 526 10
506 528 10
506 529 10
506 530 10
506 531 10
506 533 10
506 534 10
506 542 10
506 544 10
506 545 10
506 548 10
506 549 10
506 550 10
506 553 10
506 555 10
506 557 10
506 558 10
506 559 10
506 560 10
506 561 10
506 565 10
506 566 10
506 567 10
506 575 10
506 579 10
506 580 10
507 389 10
507 406 10
507 417 10
507 418 10
507 419 10
507 424 10
507 428 10
507 429 10
507 431 10
507 438 10
507 440 10
507 443 10
507 450 10
507 452 10
507 454 10
507 455 10
507 456 10
507 457 10
507 459 10
507 460 10
507 461 10
507 462 10
507 464 10
507 470 10
507 471 10
507 484 10
507 488 10
507 517 10
507 518 10
507 521 10
507 522 10
507 532 10
507 533 10
507 534 10
507 540 10
507 542 10
507 543 10
507 544 10
507 546 10
507 547 10
507 549 10
507 550 10
507 551 10
507 554 10
507 557 10
507 561 10
507 566 10
507 576 10
507 577 10
508 396 10
508 397 10
508 399 10
508 402 10
508 404 10
508 406 10
508 419 10
508 420 10
508 421 10
508 422 10
508 424 10
508 426 10
508 427 10
508 432 10
508 449 10
508 454 10
508 456 10
508 457 10
508 458 10
508 459 10
508 461 10
508 469 10
508 471 10
508 479 10
508 502 10
508 504 10
508 507 10
508 518 10
508 520 10
508 521 10
508 525 10
508 527 10
508 529 10
508 530 10
508 531 10
508 537 10
508 542 10
508 545 10
508 546 10
508 547 10
508 548 10
508 549 10
508 552 10
508 553 10
508 554 10
508 556 10
508 557 10
508 564 10
508 565 10
508 568 10
508 572 10
508 574 10
508 576 10
508 577 10
509 397 10
509 401 10
509 404 10
509 414 10
509 417 10
509 419 10
509 422 10
509 426 10
509 427 10
509 428 10
509 429 10
509 441 10
509 456 10
509 457 10
509 458 10
509 459 10
509 460 10
509 464 10
509 467 10
509 471 10
509 473 10
509 474 10
509 477 10
509 483 10
509 503 10
509 505 10
509 513 10
509 515 10
509 517 10
509 518 10
509 519 10
509 525 10
509 526 10
509 527 10
509 529 10
509 531 10
509 532 10
509 533 10
509 534 10
509 542 10
509 544 10
509 546 10
509 549 10
509 550 10
509 551 10
509 552 10
509 554 10
509 555 10
509 563 10
509 564 10
509 565 10
509 566 10
509 567 10
509 570 10
509 574 10
509 575 10
509 576 10
509 577 10
510 396 10
510 400 10
510 401 10
510 419 10
510 420 10
510 421 10
510 422 10
510 424 10
510 425 10
510 426 10
510 428 10
510 450 10
510 451 10
510 452 10
510 453 10
510 456 10
510 458 10
510 459 10
510 460 10
510 461 10
510 463 10
510 464 10
510 466 10
510 470 10
510 471 10
510 472 10
510 479 10
510 482 10
510 503 10
510 513 10
510 518 10
510 519 10
510 522 10
510 526 10
510 528 10
510 529 10
510 531 10
510 538 10
510 540 10
510 542 10
510 543 10
510 544 10
510 545 10
510 546 10
510 547 10
510 549 10
510 550 10
510 551 10
510 552 10
510 553 10
510 557 10
510 558 10
510 563 10
510 565 10
510 567 10
510 568 10
510 574 10
510 575 10
510 578 10
511 398 10
511 400 10
511 414 10
511 421 10
511 422 10
511 426 10
511 430 10
511 433 10
511 434 10
511 441 10
511 444 10
511 446 10
511 452 10
511 453 10
511 459 10
511 461 10
511 465 10
511 466 10
511 467 10
511 471 10
511 472 10
511 480 10
511 481 10
511 483 10
511 502 10
511 505 10
511 506 10
511 507 10
511 508 10
511 515 10
511 516 10
511 517 10
511 519 10
511 521 10
511 527 10
511 530 10
511 532 10
511 535 10
511 538 10
511 540 10
511 541 10
511 543 10
511 545 10
511 547 10
511 548 10
511 549 10
511 550 10
511 551 10
511 552 10
511 553 10
511 554 10
511 555 10
511 556 10
511 562 10
511 564 10
511 565 10
511 571 10
511 576 10
511 577 10
511 579 10
511 580 10
512 398 10
512 400 10
512 409 10
512 410 10
512 412 10
512 413 10
512 414 10
512 415 10
512 416 10
512 418 10
512 419 10
512 420 10
512 421 10
512 423 10
512 424 10
512 425 10
512 426 10
512 428 10
512 440 10
512 441 10
512 445 10
512 446 10
512 451 10
512 452 10
512 453 10
512 454 10
512 456 10
512 458 10
512 459 10
512 462 10
512 463 10
512 464 10
512 467 10
512 472 10
512 479 10
512 488 10
512 503 10
512 505 10
512 507 10
512 508 10
512 515 10
512 517 10
512 520 10
512 522 10
512 524 10
512 526 10
512 528 10
512 532 10
512 533 10
512 534 10
512 536 10
512 538 10
512 540 10
512 542 10
512 544 10
512 545 10
512 546 10
512 547 10
512 548 10
512 549 10
512 550 10
512 551 10
512 553 10
512 554 10
512 562 10
512 565 10
512 566 10
512 567 10
512 568 10
512 571 10
512 573 10
512 574 10
512 575 10
513 400 10
513 408 10
513 410 10
513 414 10
513 415 10
513 418 10
513 420 10
513 423 10
513 426 10
513 431 10
513 432 10
513 433 10
513 434 10
513 435 10
513 436 10
513 438 10
513 439 10
513 440 10
513 441 10
513 443 10
513 445 10
513 447 10
513 449 10
513 452 10
513 453 10
513 456 10
513 460 10
513 462 10
513 472 10
513 473 10
513 479 10
513 481 10
513 482 10
513 489 10
513 490 10
513 506 10
513 507 10
513 508 10
513 509 10
513 511 10
513 512 10
513 515 10
513 516 10
513 518 10
513 524 10
513 525 10
513 526 10
513 527 10
513 528 10
513 530 10
513 532 10
513 535 10
513 536 10
513 539 10
513 540 10
513 541 10
513 542 10
513 543 10
513 544 10
513 545 10
513 546 10
513 547 10
513 550 10
513 551 10
513 552 10
513 553 10
513 554 10
513 555 10
513 559 10
513 560 10
513 565 10
513 566 10
513 568 10
513 570 10
513 571 10
513 573 10
513 575 10
513 576 10
513 577 10
514 410 10
514 411 10
514 412 10
514 413 10
514 415 10
514 417 10
514 419 10
514 420 10
514 421 10
514 426 10
514 429 10
514 431 10
514 432 10
514 438 10
514 440 10
514 441 10
514 443 10
514 448 10
514 449 10
514 452 10
514 454 10
514 456 10
514 457 10
514 460 10
514 462 10
514 464 10
514 466 10
514 467 10
514 473 10
514 475 10
514 484 10
514 485 10
514 486 10
514 500 10
514 502 10
514 505 10
514 508 10
514 511 10
514 516 10
514 518 10
514 524 10
514 525 10
514 527 10
514 528 10
514 530 10
514 532 10
514 539 10
514 540 10
514 541 10
514 542 10
514 543 10
514 544 10
514 545 10
514 546 10
514 547 10
514 548 10
514 549 10
514 550 10
514 551 10
514 557 10
514 564 10
514 565 10
514 570 10
514 572 10
514 573 10
514 574 10
514 575 10
514 576 10
515 408 10
515 411 10
515 413 10
515 415 10
515 418 10
515 419 10
515 420 10
515 423 10
515 425 10
515 427 10
515 430 10
515 431 10
515 433 10
515 434 10
515 436 10
515 439 10
515 440 10
515 443 10
515 445 10
515 446 10
515 447 10
515 455 10
515 457 10
515 459 10
515 463 10
515 464 10
515 466 10
515 479 10
515 481 10
515 482 10
515 484 10
515 485 10
515 487 10
515 489 10
515 500 10
515 506 10
515 509 10
515 513 10
515 514 10
515 518 10
515 520 10
515 523 10
515 527 10
515 528 10
515 531 10
515 532 10
515 534 10
515 536 10
515 538 10
515 539 10
515 543 10
515 550 10
515 551 10
515 552 10
515 560 10
515 566 10
515 567 10
515 568 10
515 569 10
515 571 10
515 572 10
515 574 10
515 577 10
515 578 10
516 399 10
516 413 10
516 414 10
516 415 10
516 416 10
516 417 10
516 418 10
516 419 10
516 420 10
516 423 10
516 425 10
516 426 10
516 429 10
516 432 10
516 433 10
516 444 10
516 445 10
516 446 10
516 447 10
516 449 10
516 452 10
516 454 10
516 455 10
516 457 10
516 458 10
516 462 10
516 473 10
516 474 10
516 475 10
516 478 10
516 481 10
516 482 10
516 483 10
516 486 10
516 488 10
516 490 10
516 499 10
516 500 10
516 510 10
516 514 10
516 515 10
516 516 10
516 517 10
516 521 10
516 527 10
516 530 10
516 532 10
516 533 10
516 534 10
516 535 10
516 537 10
516 541 10
516 542 10
516 543 10
516 545 10
516 546 10
516 547 10
516 548 10
516 549 10
516 550 10
516 551 10
516 560 10
516 561 10
516 565 10
516 568 10
516 569 10
516 570 10
516 576 10
516 584 10
517 407 10
517 411 10
517 412 10
517 414 10
517 416 10
517 417 10
517 420 10
517 421 10
517 422 10
517 423 10
517 432 10
517 433 10
517 434 10
517 439 10
517 440 10
517 441 10
517 442 10
517 443 10
517 444 10
517 445 10
517 447 10
517 448 10
517 451 10
517 455 10
517 458 10
517 461 10
517 462 10
517 464 10
517 465 10
517 475 10
517 483 10
517 485 10
517 486 10
517 487 10
517 488 10
517 490 10
517 492 10
517 493 10
517 502 10
517 505 10
517 509 10
517 510 10
517 513 10
517 514 10
517 515 10
517 516 10
517 517 10
517 519 10
517 521 10
517 522 10
517 523 10
517 525 10
517 530 10
517 531 10
517 532 10
517 533 10
517 537 10
517 540 10
517 543 10
517 544 10
517 548 10
517 549 10
517 550 10
517 551 10
517 566 10
517 567 10
517 570 10
517 572 10
517 574 10
517 581 10
517 582 10
517 583 10
517 584 10
517 587 10
517 592 10
518 412 10
518 413 10
518 415 10
518 417 10
518 418 10
518 419 10
518 424 10
518 426 10
518 431 10
518 440 10
518 443 10
518 445 10
518 446 10
518 447 10
518 448 10
518 449 10
518 450 10
518 454 10
518 455 10
518 456 10
518 457 10
518 458 10
518 460 10
518 461 10
518 472 10
518 474 10
518 477 10
518 484 10
518 485 10
518 486 10
518 487 10
518 488 10
518 489 10
518 491 10
518 492 10
518 503 10
518 505 10
518 511 10
518 515 10
518 516 10
518 518 10
518 523 10
518 524 10
518 531 10
518 532 10
518 533 10
518 534 10
518 535 10
518 537 10
518 538 10
518 541 10
518 542 10
518 544 10
518 546 10
518 547 10
518 549 10
518 550 10
518 551 10
518 564 10
518 565 10
518 566 10
518 567 10
518 568 10
518 569 10
518 572 10
518 573 10
518 574 10
518 580 10
518 582 10
518 583 10
518 584 10
518 586 10
518 587 10
518 598 10
518 602 10
519 413 10
519 414 10
519 415 10
519 416 10
519 418 10
519 419 10
519 425 10
519 428 10
519 429 10
519 432 10
519 443 10
519 444 10
519 445 10
519 446 10
519 447 10
519 449 10
519 454 10
519 455 10
519 456 10
519 459 10
519 460 10
519 463 10
519 474 10
519 475 10
519 479 10
519 483 10
519 487 10
519 489 10
519 490 10
519 492 10
519 493 10
519 500 10
519 502 10
519 503 10
519 506 10
519 508 10
519 509 10
519 514 10
519 516 10
519 517 10
519 518 10
519 520 10
519 522 10
519 523 10
519 526 10
519 527 10
519 528 10
519 531 10
519 532 10
519 533 10
519 536 10
519 537 10
519 539 10
519 543 10
519 548 10
519 550 10
519 553 10
519 556 10
519 563 10
519 564 10
519 565 10
519 567 10
519 569 10
519 570 10
519 571 10
519 572 10
519 575 10
519 581 10
519 583 10
519 584 10
519 585 10
519 586 10
519 597 10
520 413 10
520 414 10
520 415 10
520 418 10
520 419 10
520 420 10
520 423 10
520 426 10
520 427 10
520 444 10
520 445 10
520 448 10
520 450 10
520 452 10
520 453 10
520 455 10
520 456 10
520 457 10
520 460 10
520 461 10
520 462 10
520 471 10
520 472 10
520 477 10
520 479 10
520 481 10
520 485 10
520 486 10
520 487 10
520 490 10
520 491 10
520 492 10
520 493 10
520 495 10
520 496 10
520 509 10
520 510 10
520 513 10
520 514 10
520 515 10
520 519 10
520 530 10
520 532 10
520 534 10
520 536 10
520 537 10
520 541 10
520 545 10
520 550 10
520 551 10
520 552 10
520 553 10
520 555 10
520 557 10
520 559 10
520 560 10
520 564 10
520 565 10
520 566 10
520 568 10
520 569 10
520 570 10
520 571 10
520 572 10
520 573 10
520 579 10
520 580 10
520 581 10
520 582 10
520 583 10
520 584 10
520 585 10
520 594 10
520 596 10
521 412 10
521 414 10
521 417 10
521 419 10
521 423 10
521 424 10
521 429 10
521 432 10
521 446 10
521 447 10
521 448 10
521 449 10
521 450 10
521 451 10
521 453 10
521 454 10
521 455 10
521 458 10
521 460 10
521 462 10
521 464 10
521 468 10
521 471 10
521 472 10
521 477 10
521 483 10
521 486 10
521 488 10
521 501 10
521 507 10
521 509 10
521 510 10
521 511 10
521 512 10
521 513 10
521 516 10
521 522 10
521 528 10
521 532 10
521 534 10
521 535 10
521 536 10
521 537 10
521 538 10
521 539 10
521 540 10
521 541 10
521 543 10
521 546 10
521 549 10
521 550 10
521 552 10
521 553 10
521 556 10
521 561 10
521 566 10
521 567 10
521 568 10
521 579 10
521 581 10
521 587 10
521 589 10
521 593 10
521 598 10
522 412 10
522 414 10
522 415 10
522 417 10
522 420 10
522 425 10
522 426 10
522 427 10
522 428 10
522 431 10
522 432 10
522 436 10
522 438 10
522 450 10
522 451 10
522 453 10
522 454 10
522 456 10
522 458 10
522 459 10
522 460 10
522 461 10
522 464 10
522 465 10
522 466 10
522 468 10
522 470 10
522 471 10
522 472 10
522 474 10
522 475 10
522 476 10
522 479 10
522 482 10
522 484 10
522 487 10
522 488 10
522 489 10
522 490 10
522 491 10
522 495 10
522 499 10
522 513 10
522 517 10
522 518 10
522 520 10
522 527 10
522 532 10
522 536 10
522 538 10
522 548 10
522 552 10
522 554 10
522 555 10
522 558 10
522 563 10
522 569 10
522 579 10
522 580 10
522 581 10
522 582 10
522 583 10
522 584 10
522 587 10
522 596 10
522 597 10
523 412 10
523 414 10
523 416 10
523 420 10
523 421 10
523 423 10
523 424 10
523 426 10
523 428 10
523 432 10
523 436 10
523 446 10
523 448 10
523 449 10
523 450 10
523 451 10
523 453 10
523 455 10
523 457 10
523 464 10
523 465 10
523 466 10
523 468 10
523 470 10
523 471 10
523 472 10
523 473 10
523 474 10
523 475 10
523 476 10
523 477 10
523 479 10
523 483 10
523 484 10
523 485 10
523 486 10
523 489 10
523 490 10
523 491 10
523 492 10
523 493 10
523 495 10
523 497 10
523 504 10
523 505 10
523 506 10
523 508 10
523 509 10
523 511 10
523 513 10
523 522 10
523 534 10
523 535 10
523 538 10
523 539 10
523 541 10
523 542 10
523 545 10
523 550 10
523 551 10
523 552 10
523 553 10
523 555 10
523 557 10
523 559 10
523 561 10
523 563 10
523 579 10
523 580 10
523 581 10
523 582 10
523 593 10
523 595 10
523 598 10
524 412 10
524 414 10
524 415 10
524 416 10
524 423 10
524 424 10
524 426 10
524 428 10
524 429 10
524 432 10
524 445 10
524 453 10
524 455 10
524 464 10
524 466 10
524 471 10
524 473 10
524 474 10
524 482 10
524 485 10
524 486 10
524 488 10
524 506 10
524 507 10
524 508 10
524 510 10
524 511 10
524 513 10
524 524 10
524 526 10
524 528 10
524 530 10
524 531 10
524 532 10
524 533 10
524 535 10
524 537 10
524 538 10
524 540 10
524 550 10
524 554 10
524 555 10
524 560 10
524 565 10
524 581 10
524 582 10
524 584 10
525 414 10
525 415 10
525 419 10
525 420 10
525 421 10
525 426 10
525 427 10
525 450 10
525 455 10
525 456 10
525 457 10
525 460 10
525 464 10
525 466 10
525 468 10
525 472 10
525 473 10
525 475 10
525 476 10
525 486 10
525 489 10
525 491 10
525 492 10
525 495 10
525 500 10
525 502 10
525 503 10
525 504 10
525 505 10
525 508 10
525 510 10
525 511 10
525 512 10
525 513 10
525 514 10
525 515 10
525 516 10
525 526 10
525 529 10
525 532 10
525 533 10
525 535 10
525 536 10
525 537 10
525 538 10
525 541 10
525 552 10
525 553 10
525 554 10
525 556 10
525 558 10
525 565 10
525 579 10
525 581 10
525 582 10
525 584 10
525 592 10
526 418 10
526 420 10
526 422 10
526 424 10
526 428 10
526 429 10
526 430 10
526 432 10
526 434 10
526 436 10
526 439 10
526 442 10
526 445 10
526 446 10
526 447 10
526 448 10
526 449 10
526 452 10
526 453 10
526 454 10
526 455 10
526 456 10
526 457 10
526 462 10
526 464 10
526 465 10
526 467 10
526 470 10
526 472 10
526 474 10
526 475 10
526 476 10
526 477 10
526 478 10
526 480 10
526 485 10
526 494 10
526 495 10
526 497 10
526 498 10
526 501 10
526 504 10
526 505 10
526 506 10
526 507 10
526 508 10
526 511 10
526 512 10
526 513 10
526 524 10
526 529 10
526 530 10
526 535 10
526 536 10
526 539 10
526 541 10
526 557 10
526 565 10
526 566 10
526 581 10
526 594 10
527 415 10
527 417 10
527 418 10
527 420 10
527 421 10
527 422 10
527 426 10
527 430 10
527 434 10
527 435 10
527 437 10
527 443 10
527 454 10
527 455 10
527 456 10
527 458 10
527 459 10
527 460 10
527 463 10
527 465 10
527 466 10
527 467 10
527 469 10
527 470 10
527 471 10
527 473 10
527 474 10
527 475 10
527 477 10
527 479 10
527 482 10
527 484 10
527 485 10
527 486 10
527 495 10
527 496 10
527 499 10
527 503 10
527 505 10
527 506 10
527 508 10
527 509 10
527 511 10
527 513 10
527 514 10
527 517 10
527 519 10
527 520 10
527 521 10
527 530 10
527 532 10
527 533 10
527 535 10
527 538 10
527 539 10
527 541 10
527 549 10
527 550 10
527 551 10
527 553 10
527 554 10
527 555 10
527 558 10
527 559 10
527 564 10
528 421 10
528 426 10
528 434 10
528 435 10
528 436 10
528 440 10
528 443 10
528 450 10
528 452 10
528 454 10
528 455 10
528 456 10
528 457 10
528 459 10
528 460 10
528 461 10
528 462 10
528 468 10
528 469 10
528 472 10
528 475 10
528 476 10
528 477 10
528 480 10
528 481 10
528 491 10
528 493 10
528 494 10
528 496 10
528 499 10
528 500 10
528 502 10
528 504 10
528 506 10
528 507 10
528 511 10
528 513 10
528 530 10
528 532 10
528 534 10
528 543 10
528 552 10
528 554 10
528 555 10
528 556 10
528 558 10
528 560 10
528 566 10
529 421 10
529 422 10
529 435 10
529 436 10
529 440 10
529 452 10
529 454 10
529 455 10
529 457 10
529 458 10
529 467 10
529 469 10
529 470 10
529 471 10
529 472 10
529 474 10
529 475 10
529 477 10
529 479 10
529 485 10
529 495 10
529 497 10
529 500 10
529 502 10
529 503 10
529 504 10
529 507 10
529 508 10
529 509 10
529 510 10
529 511 10
529 514 10
529 532 10
529 543 10
529 547 10
529 550 10
529 551 10
529 553 10
529 554 10
529 555 10
529 556 10
529 557 10
529 558 10
529 560 10
529 562 10
529 563 10
529 568 10
530 422 10
530 423 10
530 424 10
530 428 10
530 431 10
530 435 10
530 442 10
530 448 10
530 449 10
530 458 10
530 462 10
530 467 10
530 468 10
530 469 10
530 472 10
530 478 10
530 489 10
530 492 10
530 493 10
530 494 10
530 502 10
530 504 10
530 506 10
530 507 10
530 510 10
530 512 10
530 513 10
530 514 10
530 520 10
530 525 10
530 527 10
530 528 10
530 530 10
530 532 10
530 533 10
530 534 10
530 536 10
530 540 10
530 548 10
530 550 10
530 554 10
530 555 10
530 556 10
530 558 10
530 560 10
531 421 10
531 431 10
531 434 10
531 438 10
531 453 10
531 454 10
531 456 10
531 457 10
531 463 10
531 469 10
531 473 10
531 481 10
531 484 10
531 489 10
531 493 10
531 494 10
531 495 10
531 505 10
531 509 10
531 510 10
531 513 10
531 514 10
531 517 10
531 521 10
531 522 10
531 525 10
531 526 10
531 529 10
531 530 10
531 531 10
531 532 10
531 533 10
531 551 10
531 555 10
531 556 10
531 557 10
531 559 10
531 565 10
531 566 10
531 568 10
532 421 10
532 423 10
532 433 10
532 436 10
532 442 10
532 453 10
532 456 10
532 464 10
532 470 10
532 471 10
532 472 10
532 473 10
532 482 10
532 484 10
532 488 10
532 491 10
532 492 10
532 493 10
532 495 10
532 496 10
532 502 10
532 503 10
532 504 10
532 506 10
532 508 10
532 509 10
532 510 10
532 512 10
532 517 10
532 520 10
532 526 10
532 531 10
532 533 10
532 536 10
532 539 10
532 543 10
532 546 10
532 553 10
532 559 10
532 562 10
532 563 10
532 564 10
532 566 10
532 567 10
533 421 10
533 423 10
533 432 10
533 436 10
533 442 10
533 447 10
533 454 10
533 455 10
533 464 10
533 465 10
533 467 10
533 468 10
533 470 10
533 472 10
533 474 10
533 475 10
533 476 10
533 477 10
533 478 10
533 487 10
533 488 10
533 489 10
533 492 10
533 493 10
533 496 10
533 498 10
533 499 10
533 504 10
533 507 10
533 508 10
533 510 10
533 513 10
533 517 10
533 520 10
533 521 10
533 522 10
533 524 10
533 526 10
533 530 10
533 531 10
533 534 10
533 535 10
533 541 10
533 544 10
533 546 10
533 547 10
533 549 10
533 550 10
533 553 10
533 556 10
533 557 10
533 559 10
533 560 10
533 562 10
533 564 10
533 565 10
533 567 10
533 569 10
534 424 10
534 429 10
534 432 10
534 446 10
534 447 10
534 453 10
534 454 10
534 461 10
534 463 10
534 467 10
534 468 10
534 471 10
534 474 10
534 484 10
534 488 10
534 491 10
534 492 10
534 493 10
534 494 10
534 495 10
534 496 10
534 497 10
534 502 10
534 509 10
534 510 10
534 514 10
534 515 10
534 522 10
534 523 10
534 526 10
534 527 10
534 529 10
534 532 10
534 533 10
534 541 10
534 546 10
534 547 10
534 548 10
534 550 10
534 553 10
534 557 10
534 558 10
534 560 10
534 564 10
534 569 10
534 570 10
535 428 10
535 430 10
535 433 10
535 444 10
535 446 10
535 448 10
535 449 10
535 450 10
535 452 10
535 453 10
535 454 10
535 463 10
535 465 10
535 466 10
535 467 10
535 468 10
535 470 10
535 473 10
535 474 10
535 476 10
535 478 10
535 479 10
535 481 10
535 483 10
535 487 10
535 488 10
535 490 10
535 494 10
535 495 10
535 496 10
535 497 10
535 504 10
535 510 10
535 511 10
535 513 10
535 516 10
535 518 10
535 520 10
535 522 10
535 523 10
535 524 10
535 528 10
535 531 10
535 532 10
535 533 10
535 535 10
535 544 10
535 546 10
535 552 10
535 553 10
535 556 10
535 557 10
535 559 10
535 563 10
535 565 10
535 566 10
535 567 10
535 569 10
535 571 10
535 572 10
536 427 10
536 433 10
536 446 10
536 447 10
536 450 10
536 451 10
536 452 10
536 455 10
536 458 10
536 459 10
536 460 10
536 461 10
536 463 10
536 465 10
536 468 10
536 470 10
536 476 10
536 478 10
536 481 10
536 485 10
536 486 10
536 488 10
536 489 10
536 493 10
536 495 10
536 496 10
536 497 10
536 498 10
536 499 10
536 501 10
536 502 10
536 506 10
536 508 10
536 509 10
536 511 10
536 512 10
536 513 10
536 514 10
536 515 10
536 516 10
536 517 10
536 520 10
536 521 10
536 522 10
536 523 10
536 524 10
536 526 10
536 528 10
536 529 10
536 536 10
536 544 10
536 545 10
536 547 10
536 555 10
536 556 10
536 557 10
536 558 10
536 560 10
536 562 10
536 563 10
536 567 10
536 568 10
536 571 10
537 429 10
537 431 10
537 437 10
537 446 10
537 448 10
537 449 10
537 454 10
537 455 10
537 458 10
537 460 10
537 461 10
537 469 10
537 471 10
537 472 10
537 473 10
537 476 10
537 478 10
537 479 10
537 481 10
537 483 10
537 486 10
537 488 10
537 489 10
537 491 10
537 495 10
537 499 10
537 500 10
537 501 10
537 502 10
537 503 10
537 506 10
537 508 10
537 510 10
537 511 10
537 512 10
537 513 10
537 514 10
537 515 10
537 517 10
537 520 10
537 521 10
537 527 10
537 531 10
537 535 10
537 541 10
537 543 10
537 548 10
537 550 10
537 552 10
537 554 10
537 555 10
537 562 10
537 568 10
537 569 10
537 570 10
538 420 10
538 421 10
538 423 10
538 434 10
538 435 10
538 436 10
538 440 10
538 441 10
538 451 10
538 452 10
538 455 10
538 456 10
538 457 10
538 459 10
538 460 10
538 462 10
538 463 10
538 466 10
538 468 10
538 471 10
538 472 10
538 474 10
538 475 10
538 476 10
538 484 10
538 486 10
538 488 10
538 489 10
538 490 10
538 492 10
538 493 10
538 497 10
538 498 10
538 499 10
538 501 10
538 503 10
538 504 10
538 506 10
538 507 10
538 508 10
538 510 10
538 511 10
538 512 10
538 513 10
538 514 10
538 516 10
538 520 10
538 521 10
538 523 10
538 530 10
538 532 10
538 534 10
538 535 10
538 545 10
538 547 10
538 548 10
538 550 10
538 553 10
538 554 10
538 555 10
538 556 10
538 561 10
538 563 10
538 567 10
538 568 10
538 570 10
538 571 10
538 573 10
539 435 10
539 437 10
539 445 10
539 446 10
539 450 10
539 453 10
539 455 10
539 456 10
539 459 10
539 462 10
539 463 10
539 465 10
539 467 10
539 469 10
539 471 10
539 473 10
539 474 10
539 475 10
539 477 10
539 478 10
539 482 10
539 483 10
539 484 10
539 485 10
539 486 10
539 493 10
539 494 10
539 499 10
539 500 10
539 501 10
539 502 10
539 505 10
539 506 10
539 507 10
539 509 10
539 510 10
539 511 10
539 512 10
539 513 10
539 514 10
539 515 10
539 516 10
539 517 10
539 519 10
539 520 10
539 522 10
539 525 10
539 526 10
539 528 10
539 536 10
539 543 10
539 544 10
539 545 10
539 546 10
539 547 10
539 548 10
539 549 10
539 550 10
539 553 10
539 554 10
539 555 10
539 556 10
539 557 10
539 558 10
539 559 10
539 560 10
539 561 10
539 563 10
539 568 10
539 571 10
539 574 10
540 420 10
540 434 10
540 435 10
540 436 10
540 439 10
540 440 10
540 443 10
540 444 10
540 446 10
540 449 10
540 455 10
540 457 10
540 461 10
540 462 10
540 465 10
540 466 10
540 468 10
540 469 10
540 470 10
540 471 10
540 472 10
540 473 10
540 475 10
540 480 10
540 483 10
540 484 10
540 485 10
540 487 10
540 490 10
540 491 10
540 496 10
540 497 10
540 499 10
540 502 10
540 504 10
540 505 10
540 507 10
540 508 10
540 510 10
540 511 10
540 512 10
540 513 10
540 514 10
540 515 10
540 518 10
540 519 10
540 528 10
540 531 10
540 532 10
540 534 10
540 542 10
540 545 10
540 547 10
540 548 10
540 550 10
540 551 10
540 553 10
540 554 10
540 555 10
540 562 10
540 563 10
540 569 10
541 422 10
541 426 10
541 439 10
541 445 10
541 447 10
541 450 10
541 462 10
541 463 10
541 464 10
541 466 10
541 467 10
541 468 10
541 470 10
541 471 10
541 472 10
541 473 10
541 474 10
541 477 10
541 480 10
541 482 10
541 488 10
541 490 10
541 494 10
541 495 10
541 496 10
541 498 10
541 499 10
541 502 10
541 503 10
541 507 10
541 508 10
541 510 10
541 511 10
541 512 10
541 513 10
541 514 10
541 515 10
541 516 10
541 517 10
541 518 10
541 519 10
541 520 10
541 521 10
541 522 10
541 527 10
541 529 10
541 533 10
541 540 10
541 542 10
541 543 10
541 545 10
541 546 10
541 548 10
541 550 10
541 552 10
541 555 10
541 557 10
541 562 10
541 563 10
541 565 10
541 571 10
542 447 10
542 448 10
542 461 10
542 464 10
542 466 10
542 467 10
542 468 10
542 469 10
542 470 10
542 471 10
542 474 10
542 478 10
542 482 10
542 483 10
542 484 10
542 485 10
542 489 10
542 490 10
542 493 10
542 495 10
542 506 10
542 510 10
542 511 10
542 512 10
542 513 10
542 514 10
542 517 10
542 525 10
542 526 10
542 533 10
542 535 10
542 537 10
542 541 10
542 543 10
542 544 10
542 545 10
542 546 10
542 547 10
542 548 10
542 550 10
542 551 10
542 552 10
542 556 10
542 558 10
542 564 10
542 566 10
542 569 10
543 447 10
543 449 10
543 452 10
543 456 10
543 463 10
543 465 10
543 466 10
543 467 10
543 473 10
543 474 10
543 475 10
543 476 10
543 478 10
543 480 10
543 481 10
543 483 10
543 484 10
543 485 10
543 486 10
543 489 10
543 491 10
543 494 10
543 495 10
543 496 10
543 503 10
543 504 10
543 506 10
543 508 10
543 511 10
543 512 10
543 513 10
543 514 10
543 515 10
543 516 10
543 518 10
543 519 10
543 520 10
543 522 10
543 526 10
543 527 10
543 530 10
543 531 10
543 533 10
543 539 10
543 541 10
543 544 10
543 547 10
543 548 10
543 549 10
543 550 10
543 551 10
543 552 10
543 553 10
543 555 10
543 564 10
543 565 10
543 566 10
543 567 10
543 568 10
543 570 10
543 571 10
544 448 10
544 453 10
544 461 10
544 464 10
544 465 10
544 466 10
544 468 10
544 470 10
544 478 10
544 481 10
544 482 10
544 483 10
544 486 10
544 487 10
544 491 10
544 492 10
544 495 10
544 504 10
544 506 10
544 507 10
544 508 10
544 509 10
544 510 10
544 511 10
544 513 10
544 515 10
544 517 10
544 521 10
544 523 10
544 525 10
544 526 10
544 527 10
544 529 10
544 535 10
544 541 10
544 543 10
544 544 10
544 546 10
544 550 10
544 553 10
544 554 10
544 560 10
544 563 10
544 564 10
544 566 10
544 567 10
544 568 10
544 570 10
544 573 10
544 574 10
545 456 10
545 457 10
545 466 10
545 467 10
545 468 10
545 475 10
545 476 10
545 477 10
545 478 10
545 479 10
545 480 10
545 483 10
545 484 10
545 489 10
545 490 10
545 492 10
545 493 10
545 497 10
545 498 10
545 500 10
545 505 10
545 509 10
545 510 10
545 511 10
545 513 10
545 515 10
545 521 10
545 525 10
545 526 10
545 527 10
545 529 10
545 530 10
545 536 10
545 541 10
545 543 10
545 544 10
545 546 10
545 547 10
545 548 10
545 549 10
545 550 10
545 551 10
545 552 10
545 553 10
545 554 10
545 559 10
545 565 10
545 566 10
545 567 10
545 569 10
545 571 10
545 572 10
546 455 10
546 456 10
546 463 10
546 466 10
546 467 10
546 468 10
546 469 10
546 473 10
546 474 10
546 475 10
546 476 10
546 478 10
546 479 10
546 480 10
546 481 10
546 482 10
546 483 10
546 485 10
546 486 10
546 488 10
546 491 10
546 492 10
546 495 10
546 496 10
546 499 10
546 509 10
546 512 10
546 513 10
546 515 10
546 516 10
546 523 10
546 524 10
546 527 10
546 528 10
546 530 10
546 535 10
546 541 10
546 544 10
546 545 10
546 546 10
546 548 10
546 550 10
546 551 10
546 552 10
546 553 10
546 554 10
546 562 10
546 564 10
546 565 10
546 569 10
546 570 10
547 451 10
547 454 10
547 458 10
547 461 10
547 464 10
547 465 10
547 467 10
547 468 10
547 473 10
547 478 10
547 479 10
547 480 10
547 482 10
547 486 10
547 488 10
547 489 10
547 494 10
547 495 10
547 500 10
547 503 10
547 507 10
547 508 10
547 510 10
547 512 10
547 513 10
547 517 10
547 522 10
547 523 10
547 524 10
547 525 10
547 527 10
547 535 10
547 536 10
547 541 10
547 546 10
547 548 10
547 549 10
547 551 10
547 555 10
547 556 10
547 559 10
547 560 10
547 562 10
547 564 10
547 565 10
547 566 10
547 567 10
547 572 10
548 454 10
548 456 10
548 458 10
548 461 10
548 463 10
548 466 10
548 467 10
548 468 10
548 471 10
548 474 10
548 476 10
548 477 10
548 478 10
548 481 10
548 482 10
548 485 10
548 486 10
548 492 10
548 494 10
548 496 10
548 497 10
548 498 10
548 506 10
548 507 10
548 509 10
548 512 10
548 513 10
548 514 10
548 516 10
548 520 10
548 526 10
548 528 10
548 529 10
548 531 10
548 532 10
548 537 10
548 539 10
548 541 10
548 543 10
548 546 10
548 547 10
548 548 10
548 549 10
548 550 10
548 551 10
548 552 10
548 556 10
548 558 10
548 559 10
548 561 10
548 567 10
548 569 10
548 570 10
548 577 10
549 456 10
549 458 10
549 461 10
549 463 10
549 465 10
549 467 10
549 472 10
549 473 10
549 474 10
549 477 10
549 478 10
549 479 10
549 480 10
549 481 10
549 486 10
549 489 10
549 498 10
549 499 10
549 508 10
549 509 10
549 510 10
549 512 10
549 513 10
549 514 10
549 515 10
549 516 10
549 518 10
549 521 10
549 522 10
549 530 10
549 540 10
549 541 10
549 543 10
549 545 10
549 549 10
549 550 10
549 551 10
549 552 10
549 553 10
549 554 10
549 555 10
549 557 10
549 563 10
549 565 10
549 567 10
549 577 10
550 458 10
550 466 10
550 472 10
550 477 10
550 479 10
550 480 10
550 490 10
550 494 10
550 498 10
550 499 10
550 502 10
550 503 10
550 504 10
550 511 10
550 517 10
550 518 10
550 519 10
550 520 10
550 521 10
550 523 10
550 526 10
550 527 10
550 537 10
550 538 10
550 543 10
550 545 10
550 546 10
550 547 10
550 548 10
550 553 10
550 555 10
550 556 10
550 557 10
550 558 10
550 561 10
550 562 10
550 563 10
550 567 10
550 569 10
550 574 10
550 577 10
550 578 10
551 458 10
551 463 10
551 475 10
551 476 10
551 477 10
551 478 10
551 480 10
551 481 10
551 489 10
551 490 10
551 493 10
551 494 10
551 495 10
551 496 10
551 499 10
551 500 10
551 501 10
551 502 10
551 503 10
551 506 10
551 507 10
551 509 10
551 511 10
551 512 10
551 514 10
551 515 10
551 517 10
551 518 10
551 519 10
551 521 10
551 522 10
551 525 10
551 534 10
551 537 10
551 538 10
551 541 10
551 543 10
551 545 10
551 551 10
551 552 10
551 554 10
551 555 10
551 556 10
551 557 10
551 562 10
551 563 10
551 564 10
551 565 10
551 569 10
551 578 10
552 461 10
552 462 10
552 465 10
552 466 10
552 476 10
552 481 10
552 485 10
552 487 10
552 491 10
552 494 10
552 496 10
552 498 10
552 499 10
552 500 10
552 501 10
552 503 10
552 509 10
552 510 10
552 511 10
552 512 10
552 515 10
552 517 10
552 518 10
552 519 10
552 520 10
552 521 10
552 522 10
552 524 10
552 525 10
552 527 10
552 528 10
552 529 10
552 534 10
552 540 10
552 543 10
552 546 10
552 551 10
552 555 10
552 557 10
552 559 10
552 560 10
552 564 10
552 565 10
552 567 10
553 464 10
553 465 10
553 475 10
553 476 10
553 479 10
553 483 10
553 485 10
553 488 10
553 489 10
553 491 10
553 493 10
553 495 10
553 496 10
553 497 10
553 500 10
553 501 10
553 507 10
553 508 10
553 509 10
553 510 10
553 512 10
553 514 10
553 516 10
553 518 10
553 519 10
553 520 10
553 522 10
553 523 10
553 524 10
553 525 10
553 527 10
553 529 10
553 538 10
553 539 10
553 548 10
553 549 10
553 553 10
553 564 10
554 459 10
554 461 10
554 464 10
554 465 10
554 467 10
554 470 10
554 477 10
554 487 10
554 488 10
554 489 10
554 491 10
554 495 10
554 497 10
554 498 10
554 502 10
554 505 10
554 506 10
554 511 10
554 512 10
554 516 10
554 517 10
554 518 10
554 520 10
554 524 10
554 526 10
554 527 10
554 528 10
554 539 10
554 540 10
554 542 10
554 546 10
554 547 10
554 549 10
554 555 10
554 559 10
554 561 10
554 564 10
555 460 10
555 464 10
555 465 10
555 470 10
555 476 10
555 478 10
555 479 10
555 481 10
555 483 10
555 484 10
555 485 10
555 490 10
555 499 10
555 502 10
555 508 10
555 509 10
555 510 10
555 512 10
555 514 10
555 516 10
555 518 10
555 520 10
555 522 10
555 523 10
555 524 10
555 525 10
555 540 10
555 542 10
555 543 10
555 547 10
555 548 10
555 549 10
555 550 10
555 553 10
555 555 10
556 470 10
556 472 10
556 479 10
556 480 10
556 481 10
556 485 10
556 489 10
556 500 10
556 502 10
556 505 10
556 512 10
556 513 10
556 515 10
556 517 10
556 518 10
556 519 10
556 520 10
556 522 10
556 529 10
556 530 10
556 540 10
556 542 10
556 545 10
556 546 10
556 548 10
556 549 10
556 553 10
556 560 10
556 562 10
556 565 10
557 470 10
557 474 10
557 475 10
557 479 10
557 482 10
557 485 10
557 490 10
557 491 10
557 494 10
557 503 10
557 504 10
557 507 10
557 508 10
557 511 10
557 512 10
557 513 10
557 514 10
557 515 10
557 519 10
557 539 10
557 541 10
557 542 10
557 545 10
557 549 10
557 552 10
557 553 10
557 555 10
557 556 10
557 561 10
558 469 10
558 473 10
558 479 10
558 482 10
558 484 10
558 485 10
558 489 10
558 491 10
558 494 10
558 504 10
558 507 10
558 509 10
558 511 10
558 512 10
558 513 10
558 515 10
558 529 10
558 532 10
558 540 10
558 542 10
558 544 10
558 545 10
558 551 10
558 565 10
559 470 10
559 473 10
559 474 10
559 476 10
559 480 10
559 481 10
559 494 10
559 513 10
559 515 10
559 522 10
559 523 10
559 524 10
559 529 10
559 540 10
559 542 10
559 544 10
559 547 10
559 549 10
559 551 10
559 559 10
559 560 10
560 475 10
560 476 10
560 478 10
560 481 10
560 483 10
560 507 10
560 511 10
560 512 10
560 513 10
560 514 10
560 515 10
560 516 10
560 517 10
560 528 10
560 542 10
560 543 10
560 545 10
560 547 10
560 548 10
560 551 10
560 554 10
560 561 10
560 562 10
561 477 10
561 478 10
561 479 10
561 480 10
561 482 10
561 483 10
561 486 10
561 488 10
561 489 10
561 491 10
561 492 10
561 511 10
561 513 10
561 514 10
561 515 10
561 517 10
561 519 10
561 520 10
561 522 10
561 523 10
561 541 10
561 545 10
561 547 10
561 550 10
561 553 10
561 556 10
561 561 10
562 475 10
562 477 10
562 482 10
562 488 10
562 491 10
562 515 10
562 516 10
562 518 10
562 521 10
562 522 10
562 523 10
562 527 10
562 534 10
562 535 10
562 540 10
562 543 10
562 547 10
562 555 10
562 556 10
562 558 10
562 560 10
562 561 10
562 562 10
562 563 10
562 564 10
563 475 10
563 477 10
563 478 10
563 479 10
563 480 10
563 482 10
563 483 10
563 485 10
563 489 10
563 490 10
563 491 10
563 506 10
563 518 10
563 526 10
563 536 10
563 537 10
563 542 10
563 553 10
563 560 10
563 562 10
563 563 10
563 565 10
564 474 10
564 475 10
564 476 10
564 477 10
564 479 10
564 480 10
564 482 10
564 488 10
564 490 10
564 495 10
564 513 10
564 519 10
564 520 10
564 530 10
564 531 10
564 534 10
564 537 10
564 539 10
564 540 10
564 552 10
564 553 10
564 554 10
564 555 10
564 560 10
564 562 10
564 563 10
565 479 10
565 482 10
565 487 10
565 488 10
565 496 10
565 497 10
565 500 10
565 512 10
565 524 10
565 525 10
565 531 10
565 532 10
565 533 10
565 534 10
565 537 10
565 538 10
565 539 10
565 540 10
565 554 10
565 561 10
565 562 10
566 464 10
566 465 10
566 472 10
566 478 10
566 481 10
566 482 10
566 483 10
566 485 10
566 487 10
566 488 10
566 492 10
566 493 10
566 494 10
566 496 10
566 516 10
566 520 10
566 522 10
566 531 10
566 532 10
566 533 10
566 535 10
566 537 10
566 541 10
566 543 10
566 560 10
566 561 10
566 565 10
566 566 10
567 462 10
567 477 10
567 482 10
567 486 10
567 492 10
567 493 10
567 494 10
567 495 10
567 496 10
567 497 10
567 499 10
567 500 10
567 513 10
567 514 10
567 521 10
567 530 10
567 537 10
567 539 10
567 540 10
567 544 10
567 561 10
567 564 10
568 466 10
568 484 10
568 486 10
568 491 10
568 493 10
568 495 10
568 496 10
568 499 10
568 507 10
568 537 10
568 540 10
568 544 10
568 569 10
569 463 10
569 478 10
569 485 10
569 491 10
569 493 10
569 495 10
569 496 10
569 511 10
569 513 10
569 515 10
569 540 10
569 569 10
570 478 10
570 481 10
570 484 10
570 485 10
570 486 10
570 490 10
570 492 10
570 497 10
570 509 10
570 511 10
570 514 10
571 462 10
571 463 10
571 482 10
571 483 10
571 485 10
571 486 10
571 494 10
571 495 10
571 508 10
571 513 10
571 514 10
571 515 10
571 517 10
571 518 10
571 538 10
572 480 10
572 481 10
572 487 10
572 507 10
572 510 10
572 513 10
572 515 10
573 463 10
573 464 10
573 483 10
573 484 10
573 487 10
573 506 10
573 508 10
573 509 10
573 515 10
573 516 10
574 480 10
574 485 10
574 487 10
574 493 10
574 495 10
574 500 10
574 501 10
574 505 10
574 507 10
574 510 10
574 512 10
574 514 10
574 515 10
574 516 10
575 495 10
575 497 10
575 498 10
575 499 10
575 501 10
575 502 10
575 503 10
575 505 10
575 508 10
575 512 10
575 513 10
575 517 10
576 493 10
576 496 10
576 499 10
576 500 10
576 502 10
576 510 10
576 513 10
576 517 10
577 498 10
577 500 10
577 502 10
577 503 10
577 504 10
578 501 10
578 502 10
578 506 10
578 509 10
578 510 10
579 500 10
579 501 10
579 502 10
579 503 10
579 513 10
580 500 10
580 502 10
