1024
504 506 10
505 511 10
506 508 10
507 512 10
508 507 10
508 508 10
508 510 10
509 503 10
509 505 10
509 506 10
509 507 10
509 508 10
509 509 10
509 510 10
509 511 10
509 512 10
509 513 10
509 517 10
510 505 10
510 507 10
510 510 100000
510 511 10
510 518 10
510 519 10
511 501 10
511 502 10
511 503 10
511 507 10
511 508 10
511 509 10
511 516 10
511 517 10
512 512 10
512 517 10
513 502 10
513 503 10
513 504 10
513 505 10
513 506 10
513 507 10
513 511 10
513 512 10
514 503 10
514 509 10
514 511 10
515 503 10
515 505 10
515 508 10
515 511 10
515 514 10
515 515 10
515 517 10
515 518 10
515 532 10
516 507 10
516 508 10
516 509 10
516 511 10
516 512 10
516 513 10
516 515 10
516 516 10
516 518 10
516 520 10
516 524 10
517 505 10
517 507 10
517 513 10
517 514 10
517 515 10
517 517 10
517 519 10
517 520 10
517 523 10
518 507 10
518 509 10
518 511 10
518 512 10
518 516 10
518 517 10
519 511 10
519 512 10
519 519 10
519 521 10
520 514 10
520 516 10
520 517 10
520 518 10
520 519 10
520 520 10
520 525 10
520 530 10
520 532 10
521 508 10
521 512 10
521 514 10
521 517 10
521 518 10
521 519 10
521 526 10
522 511 10
522 512 10
522 514 10
522 515 10
522 516 10
522 518 10
522 519 10
522 526 10
523 513 10
523 519 10
524 513 10
524 519 10
